  E-MF [mPa]    W-MF [mPa]      z [km]
   0.000000     -0.000000     -0.000000
   0.000000     -0.000000      0.020733
   0.000000     -0.000000      0.051411
   0.000000     -0.000000      0.095153
   0.000000     -0.000000      0.154593
   0.000000     -0.000000      0.231955
   0.000032     -0.000039      0.329119
   0.000167     -0.000294      0.447690
   0.002139     -0.003418      0.589050
   0.016393     -0.025202      0.754405
   0.051657     -0.080782      0.944823
   0.066519     -0.104512      1.161271
   0.110725     -0.159731      1.404641
   0.187870     -0.262323      1.675766
   0.299925     -0.384814      1.975447
   0.459936     -0.539674      2.304453
   0.555883     -0.627480      2.663541
   0.587699     -0.652430      3.053454
   0.606475     -0.670001      3.474926
   0.671046     -0.718801      3.928679
   0.962896     -0.985308      4.415430
   1.030804     -1.035578      4.935872
   1.022937     -1.037420      5.490695
   1.010150     -1.044262      6.080579
   0.994265     -1.052402      6.706222
   0.992157     -1.064041      7.368380
   0.996860     -1.076186      8.067965
   0.975395     -1.060247      8.806201
   0.962406     -1.043037      9.584912
   0.918561     -1.006006     10.407007
   0.861932     -0.968895     11.277281
   0.789356     -0.934821     12.200431
   0.737534     -0.906799     13.179681
   0.692872     -0.871792     14.218450
   0.635274     -0.817476     15.320370
   0.546608     -0.756124     16.489292
   0.422099     -0.708258     17.729305
   0.239136     -0.686911     19.044754
   0.151493     -0.676958     20.434862
   0.115256     -0.668779     21.895710
   0.099708     -0.646460     23.395710
   0.092786     -0.609207     24.895708
   0.087642     -0.571672     26.395710
   0.085751     -0.521868     27.895708
   0.085541     -0.439591     29.395708
   0.085502     -0.328265     30.895708
   0.085476     -0.188188     32.395710
   0.085448     -0.077999     33.895710
   0.085318     -0.035446     35.395710
   0.084615     -0.027320     36.895710
   0.081292     -0.027319     38.404297
   0.071311     -0.027319     39.949673
   0.053407     -0.027319     41.573093
   0.034783     -0.027319     43.322277
   0.025052     -0.027319     45.256840
   0.017910     -0.027305     47.456139
   0.015526     -0.027112     50.031494
   0.015038     -0.026006     53.146523
   0.014263     -0.022837     57.052105
   0.011282     -0.015029     64.556229

Drag [m/s/day]    z [km]
   0.000000      0.010366
   0.000000      0.036072
   0.000000      0.073282
   0.000000      0.124873
   0.000000      0.193274
   0.000004      0.280537
   0.000064      0.388404
   0.000520      0.518370
   0.002973      0.671727
   0.007144      0.849614
   0.002825      1.053047
   0.003224      1.282956
   0.006936      1.540204
   0.002681      1.825607
  -0.001260      2.139950
  -0.001917      2.483997
  -0.001571      2.858498
  -0.000270      3.264190
  -0.003498      3.701802
  -0.005604      4.172055
  -0.003920      4.675651
   0.002186      5.213284
   0.004510      5.785637
   0.005677      6.393401
   0.003365      7.037301
   0.001900      7.718172
   0.001482      8.437082
  -0.001196      9.195557
   0.002050      9.995959
   0.006260     10.842144
   0.013232     11.738856
   0.008834     12.690056
   0.003902     13.699065
   0.001457     14.769410
   0.013443     15.904831
   0.042235     17.109297
   0.100766     18.387030
   0.055609     19.739809
   0.023426     21.165287
  -0.006802     22.645710
  -0.037756     24.145708
  -0.049954     25.645708
  -0.091553     27.145708
  -0.194288     28.645708
  -0.326430     30.145708
  -0.508971     31.645708
  -0.496017     33.145710
  -0.236664     34.645710
  -0.051312     36.145710
   0.028309     37.650002
   0.103255     39.176987
   0.221091     40.761383
   0.271594     42.447681
   0.166914     44.289558
   0.144499     46.356487
   0.053342     48.743816
  -0.018668     51.589012
  -0.095300     55.099316
  -0.225892     60.804169
