  E-MF [mPa]    W-MF [mPa]      z [km]
   0.000000     -0.000000     -0.000000
   0.000000     -0.000000      0.020733
   0.000000     -0.000000      0.051411
   0.000000     -0.000000      0.095153
   0.000000     -0.000000      0.154593
   0.000000     -0.000000      0.231955
   0.000177     -0.000186      0.329119
   0.002262     -0.003111      0.447690
   0.029965     -0.039731      0.589050
   0.260988     -0.358006      0.754405
   0.864369     -1.262085      0.944823
   1.168234     -1.742570      1.161271
   1.978258     -2.701254      1.404641
   3.541241     -4.629686      1.675766
   5.592853     -6.792809      1.975447
   8.357841     -9.578503      2.304453
  10.065875    -11.219490      2.663541
  10.649378    -11.714240      3.053454
  10.833230    -11.939570      3.474926
  11.625320    -12.568450      3.928679
  16.065916    -16.662214      4.415430
  17.751495    -18.345003      4.935872
  17.689917    -18.534924      5.490695
  17.495642    -18.708357      6.080579
  17.493946    -19.110428      6.706222
  18.012621    -19.965841      7.368380
  18.544458    -20.739992      8.067965
  18.165857    -20.311563      8.806201
  18.038853    -20.008385      9.584912
  17.149530    -19.105097     10.407007
  15.879523    -18.147379     11.277281
  14.436790    -17.225428     12.200431
  13.137884    -16.353148     13.179681
  11.931571    -15.257295     14.218450
  10.461461    -13.484828     15.320370
   8.543014    -11.460320     16.489292
   6.476884    -10.009722     17.729305
   4.426713     -9.345537     19.044754
   3.266680     -8.974832     20.434862
   2.674598     -8.533698     21.895710
   2.383756     -7.684780     23.395710
   2.173669     -6.696914     24.895708
   1.975503     -5.849978     26.395710
   1.842863     -4.963083     27.895708
   1.797433     -3.877095     29.395708
   1.771855     -2.783262     30.895708
   1.744054     -1.818164     32.395710
   1.708989     -1.097803     33.895710
   1.645556     -0.688705     35.395710
   1.521394     -0.534836     36.895710
   1.284187     -0.525730     38.404297
   0.947156     -0.525007     39.949673
   0.614334     -0.523055     41.573093
   0.391529     -0.514461     43.322277
   0.274614     -0.487934     45.256840
   0.190415     -0.443671     47.456139
   0.150788     -0.370543     50.031494
   0.130085     -0.269183     53.146523
   0.104827     -0.164900     57.052105
   0.056282     -0.065100     64.556229

Drag [m/s/day]    z [km]
   0.000000      0.010366
   0.000000      0.036072
   0.000000      0.073282
   0.000000      0.124873
   0.000000      0.193274
   0.000005      0.280537
   0.000445      0.388404
   0.004029      0.518370
   0.034448      0.671727
   0.105747      0.849614
   0.056254      1.053047
   0.043517      1.282956
   0.099619      1.540204
   0.028646      1.825607
   0.005067      2.139950
  -0.015793      2.483997
  -0.020308      2.858498
   0.009305      3.264190
  -0.036203      3.701802
  -0.076697      4.172055
  -0.000622      4.675651
   0.056619      5.213284
   0.084494      5.785637
   0.095409      6.393401
   0.082427      7.037301
   0.061876      7.718172
  -0.013364      8.437082
  -0.049914      9.195557
  -0.004203      9.995959
   0.100167     10.842144
   0.178981     11.738856
   0.158349     12.690056
   0.044638     13.699065
  -0.134221     14.769410
  -0.052202     15.904831
   0.339198     17.109297
   0.864143     18.387030
   0.564989     19.739809
   0.126033     21.165287
  -0.560685     22.645710
  -0.968167     24.145708
  -1.000557     25.645708
  -1.441237     27.145708
  -2.463465     28.645708
  -3.133413     30.145708
  -3.406303     31.645708
  -3.085667     33.145710
  -1.928355     34.645710
  -0.205325     36.145710
   1.943458     37.650002
   3.479019     39.176987
   4.085820     40.761383
   3.123790     42.447681
   1.550496     44.289558
   0.809596     46.356487
  -0.815671     48.743816
  -2.437835     51.589012
  -3.145452     55.099316
  -2.398751     60.804169
