  E-MF [mPa]    W-MF [mPa]      z [km]
   0.000000     -0.000000     -0.000000
   0.000000     -0.000000      0.020733
   0.000000     -0.000000      0.051411
   0.000000     -0.000000      0.095153
   0.000000     -0.000000      0.154593
   0.000000     -0.000000      0.231955
   0.000398     -0.000535      0.329119
   0.000549     -0.000683      0.447690
   0.016525     -0.017664      0.589050
   0.112071     -0.098811      0.754405
   0.246592     -0.220143      0.944823
   0.290774     -0.262406      1.161271
   0.389495     -0.319215      1.404641
   0.594313     -0.488815      1.675766
   0.870487     -0.729955      1.975447
   1.179075     -1.036313      2.304453
   1.291378     -1.184584      2.663541
   1.311937     -1.225330      3.053454
   1.339387     -1.295505      3.474926
   1.526993     -1.452154      3.928679
   2.023260     -1.967978      4.415430
   2.116132     -2.014638      4.935872
   2.096675     -1.972704      5.490695
   2.036134     -1.908207      6.080579
   1.952247     -1.836797      6.706222
   1.902446     -1.805291      7.368380
   1.842667     -1.778914      8.067965
   1.763114     -1.740439      8.806201
   1.717540     -1.653171      9.584912
   1.642130     -1.525416     10.407007
   1.541217     -1.430502     11.277281
   1.413363     -1.376631     12.200431
   1.303481     -1.327893     13.179681
   1.213875     -1.246411     14.218450
   1.099537     -1.139687     15.320370
   0.972558     -1.028252     16.489292
   0.829026     -0.893453     17.729305
   0.771292     -0.790284     19.044754
   0.766765     -0.527438     20.434862
   0.764075     -0.206163     21.895710
   0.763084     -0.093999     23.395710
   0.757310     -0.057730     24.895708
   0.723485     -0.051080     26.395710
   0.619909     -0.051050     27.895708
   0.419477     -0.051050     29.395708
   0.229830     -0.051050     30.895708
   0.138446     -0.051050     32.395710
   0.106879     -0.051050     33.895710
   0.101147     -0.051044     35.395710
   0.100321     -0.050860     36.895710
   0.099201     -0.049985     38.404297
   0.097157     -0.048743     39.949673
   0.092108     -0.048202     41.573093
   0.079304     -0.047675     43.322277
   0.058395     -0.046985     45.256840
   0.050833     -0.045010     47.456139
   0.048262     -0.040487     50.031494
   0.043900     -0.033485     53.146523
   0.033562     -0.028623     57.052105
   0.018638     -0.019076     64.556229

Drag [m/s/day]    z [km]
   0.000000      0.010366
   0.000000      0.036072
   0.000000      0.073282
   0.000000      0.124873
   0.000000      0.193274
   0.000087      0.280537
  -0.000001      0.388404
   0.000454      0.518370
  -0.005685      0.671727
  -0.004639      0.849614
  -0.000611      1.053047
  -0.012269      1.282956
  -0.009600      1.540204
  -0.009000      1.825607
  -0.000546      2.139950
   0.008472      2.483997
   0.004619      2.858498
   0.009584      3.264190
  -0.006866      3.701802
   0.004325      4.172055
  -0.010271      4.675651
  -0.005060      5.213284
  -0.000909      5.785637
   0.002949      6.393401
   0.004478      7.037301
   0.008529      7.718172
   0.011015      8.437082
  -0.011812      9.195557
  -0.015749      9.995959
   0.001924     10.842144
   0.025427     11.738856
   0.022693     12.690056
   0.003284     13.699065
   0.003380     14.769410
   0.007650     15.904831
   0.004813     17.109297
  -0.028328     18.387030
  -0.184900     19.739809
  -0.266006     21.165287
  -0.111692     22.645710
  -0.037959     24.145708
   0.041910     25.645708
   0.197857     27.145708
   0.474511     28.645708
   0.556274     30.145708
   0.332107     31.645708
   0.142135     33.145710
   0.031949     34.645710
   0.004437     36.145710
   0.002085     37.650002
   0.008294     39.176987
   0.055665     40.761383
   0.179029     42.447681
   0.346857     44.289558
   0.113241     46.356487
  -0.047533     48.743816
  -0.079757     51.589012
   0.217922     55.099316
   0.251655     60.804169
