 z_a = (/ -0.00000,20.7325,51.4107,95.1528,154.593,231.955,329.119,447.690,589.050,754.405,944.823,1161.27,1404.64,1675.77,1975.45,2304.45,2663.54,3053.45,3474.93,3928.68,4415.43,4935.87,5490.69,6080.58,6706.22,7368.38,8067.96,8806.20,9584.91,10407.0,11277.3,12200.4,13179.7,14218.4,15320.4,16489.3,17729.3,19044.8,20434.9,21895.7,23395.7,24895.7,26395.7,27895.7,29395.7,30895.7,32395.7,33895.7,35395.7,36895.7,38404.3,39949.7,41573.1,43322.3,45256.8,47456.1,50031.5,53146.5,57052.1,64556.2 /)

case_a = "UMGA7 Standard settings 2005-11-01"

 EqZm_EW_accel_ss0511 = (/ 0.00000,0.00000,0.00000,0.00000,0.00000,0.00000,0.00000,0.00000,0.00000,0.00000,0.00000,0.00000,0.00000,0.00000,0.00000,0.00000,0.00000,0.00000,0.00000,0.00000,-0.00408313,-0.0142444,-0.0224136,-0.00183459,0.0153831,0.00163748,0.0467443,0.0358527,0.0181294,0.0119670,0.0863607,0.0956474,0.0506849,0.0237266,0.0302247,-0.0125788,0.102082,-0.114040,-1.15691,-1.93580,-0.676548,-0.206651,-0.0249768,0.00000,0.812058,4.62527,3.85866,0.872119,0.0660370,0.00248951,0.00264155,0.00000,0.00000,0.488108,1.70033,0.697168,0.00000,0.00000,0.0357698,15.4348 /)
 EqZm_Eastward_flux_ss0511 = (/ 0.00000,0.00000,0.00000,0.00000,0.00000,0.00000,0.00000,0.00000,0.00000,0.00000,0.00000,0.00000,0.00000,0.00000,0.00000,0.00000,0.00000,0.00000,0.00000,1.50841,1.50475,1.49890,1.48126,1.43452,1.37203,1.31404,1.24045,1.17655,1.12553,1.08384,1.00835,0.942867,0.910253,0.880774,0.851988,0.825449,0.783253,0.771579,0.771579,0.771579,0.771579,0.771579,0.771579,0.771579,0.702846,0.386869,0.174109,0.135297,0.132925,0.132853,0.132791,0.132791,0.132791,0.126079,0.106191,0.0992850,0.0992850,0.0992850,0.0991029,0.00000 /)
 EqZm_Westward_flux_ss0511 = (/ 0.00000,0.00000,0.00000,0.00000,0.00000,0.00000,0.00000,0.00000,0.00000,0.00000,0.00000,0.00000,0.00000,0.00000,0.00000,0.00000,0.00000,0.00000,0.00000,1.50841,1.50106,1.48239,1.44483,1.39649,1.34703,1.29037,1.25341,1.21626,1.17805,1.14431,1.12271,1.11293,1.10765,1.08992,1.07477,1.04311,1.03801,0.989705,0.665916,0.201387,0.0664502,0.0331837,0.0299384,0.0299384,0.0299384,0.0299384,0.0299384,0.0299384,0.0299384,0.0299384,0.0299384,0.0299384,0.0299384,0.0299384,0.0299384,0.0299384,0.0299384,0.0299384,0.0299384,0.00000 /)

case_a = "UMGA7 scaled to 1mPa at 100hPa launch height 2005-11-01"

 EqZm_EW_accel_1mpa0511 = (/ 0.00000,0.00000,0.00000,0.00000,0.00000,0.00000,0.00000,0.00000,0.00000,0.00000,0.00000,0.00000,0.00000,0.00000,0.00000,0.00000,0.00000,0.00000,0.00000,0.00000,0.00000,0.00000,0.00000,0.00000,0.00000,0.00000,0.00000,0.00000,0.00000,0.00000,0.00000,0.00000,0.00000,0.00000,0.00000,-0.263308,-0.123761,-0.145527,-0.709433,-0.770288,-0.509840,-0.298053,-0.0911160,0.00000,0.805065,4.45985,2.72091,1.38444,0.0271979,0.0152075,0.0102114,0.00000,0.00000,0.306541,2.75355,1.23340,0.256250,0.341932,4.07048,18.7187 /)
 EqZm_Eastward_flux_1mpa0511 = (/ 0.00000,0.00000,0.00000,0.00000,0.00000,0.00000,0.00000,0.00000,0.00000,0.00000,0.00000,0.00000,0.00000,0.00000,0.00000,0.00000,0.00000,0.00000,0.00000,0.00000,0.00000,0.00000,0.00000,0.00000,0.00000,0.00000,0.00000,0.00000,0.00000,0.00000,0.00000,0.00000,0.00000,0.00000,0.999277,0.931562,0.832865,0.813429,0.813429,0.813429,0.813429,0.813429,0.813429,0.813429,0.745288,0.440612,0.290586,0.228974,0.227997,0.227556,0.227316,0.227316,0.227316,0.223101,0.190895,0.178676,0.176559,0.173598,0.145396,0.00000 /)
 EqZm_Westward_flux_1mpa0511 = (/ 0.00000,0.00000,0.00000,0.00000,0.00000,0.00000,0.00000,0.00000,0.00000,0.00000,0.00000,0.00000,0.00000,0.00000,0.00000,0.00000,0.00000,0.00000,0.00000,0.00000,0.00000,0.00000,0.00000,0.00000,0.00000,0.00000,0.00000,0.00000,0.00000,0.00000,0.00000,0.00000,0.00000,0.00000,0.999277,0.824439,0.680766,0.614580,0.416029,0.231185,0.129498,0.0815177,0.0696791,0.0696791,0.0696791,0.0696791,0.0696791,0.0696791,0.0696791,0.0696791,0.0696791,0.0696791,0.0696791,0.0696791,0.0696791,0.0696791,0.0696791,0.0689996,0.0615169,0.00000 /)

case_a = "UMGA7 scaled to 10mPa at 100hPa launch height 2005-11-01"

 EqZm_EW_accel_10mpa0511 = (/ 0.00000,0.00000,0.00000,0.00000,0.00000,0.00000,0.00000,0.00000,0.00000,0.00000,0.00000,0.00000,0.00000,0.00000,0.00000,0.00000,0.00000,0.00000,0.00000,0.00000,0.00000,0.00000,0.00000,0.00000,0.00000,0.00000,0.00000,0.00000,0.00000,0.00000,0.00000,0.00000,0.00000,0.00000,0.00000,-0.744506,-0.222159,-0.319148,-1.28873,-1.43556,-0.856369,-0.549272,-0.191252,0.214859,5.13562,8.15531,4.38320,1.77597,0.256932,0.139435,0.0273221,-0.207878,0.509193,1.64725,3.56337,2.49308,-1.32644,-1.44597,3.58853,7.91920 /)
 EqZm_Eastward_flux_10mpa0511 = (/ 0.00000,0.00000,0.00000,0.00000,0.00000,0.00000,0.00000,0.00000,0.00000,0.00000,0.00000,0.00000,0.00000,0.00000,0.00000,0.00000,0.00000,0.00000,0.00000,0.00000,0.00000,0.00000,0.00000,0.00000,0.00000,0.00000,0.00000,0.00000,0.00000,0.00000,0.00000,0.00000,0.00000,0.00000,9.98647,9.21470,8.18710,7.97697,7.97697,7.97697,7.97697,7.97697,7.97697,7.86431,5.69089,2.90523,1.69682,1.30164,1.25549,1.23528,1.22631,1.22225,1.16115,1.03789,0.817101,0.659053,0.633853,0.600910,0.464685,0.00000 /)
 EqZm_Westward_flux_10mpa0511 = (/ 0.00000,0.00000,0.00000,0.00000,0.00000,0.00000,0.00000,0.00000,0.00000,0.00000,0.00000,0.00000,0.00000,0.00000,0.00000,0.00000,0.00000,0.00000,0.00000,0.00000,0.00000,0.00000,0.00000,0.00000,0.00000,0.00000,0.00000,0.00000,0.00000,0.00000,0.00000,0.00000,0.00000,0.00000,9.98647,7.70024,6.26897,5.54621,3.74281,2.02037,1.16636,0.724255,0.600009,0.600009,0.600009,0.600009,0.600009,0.600009,0.600009,0.600009,0.594250,0.570050,0.550281,0.540275,0.527875,0.493314,0.413327,0.332148,0.287253,0.00000 /)

case_a = "UMGA7 Standard settings 1993-05-01"

 EqZm_EW_accel_ss9305 = (/ 0.00000,0.00000,0.00000,0.00000,0.00000,0.00000,0.00000,0.00000,0.00000,0.00000,0.00000,0.00000,0.00000,0.00000,0.00000,0.00000,0.00000,0.00000,0.00000,0.00000,0.00173417,0.00455090,0.00558237,0.00346116,0.0109189,0.0148267,0.0140574,0.0107974,0.00318023,0.0235593,0.0805671,0.0844217,0.0263663,-0.00898318,-0.0178394,0.0463036,0.264342,1.14474,0.625339,0.444091,0.138784,0.0727132,0.0159539,7.61020e-05,0.00000,-0.261454,-6.05703,-12.4958,-4.04696,-0.717240,0.00000,0.00000,0.00000,3.17452,4.04843,2.42394,0.548194,0.00000,0.00000,-5.42125 /)
 EqZm_Eastward_flux_ss9305 = (/ 0.00000,0.00000,0.00000,0.00000,0.00000,0.00000,0.00000,0.00000,0.00000,0.00000,0.00000,0.00000,0.00000,0.00000,0.00000,0.00000,0.00000,0.00000,0.00000,1.50824,1.50487,1.49512,1.48139,1.46877,1.45194,1.43353,1.41186,1.38539,1.35451,1.30700,1.22539,1.14209,1.09256,1.06006,1.01960,0.951644,0.853794,0.486050,0.311034,0.204467,0.176786,0.165081,0.163008,0.163000,0.163000,0.163000,0.163000,0.163000,0.163000,0.163000,0.163000,0.163000,0.163000,0.119349,0.0719975,0.0479850,0.0434566,0.0434566,0.0434566,0.00000 /)
 EqZm_Westward_flux_ss9305 = (/ 0.00000,0.00000,0.00000,0.00000,0.00000,0.00000,0.00000,0.00000,0.00000,0.00000,0.00000,0.00000,0.00000,0.00000,0.00000,0.00000,0.00000,0.00000,0.00000,1.50824,1.50644,1.50079,1.49201,1.48241,1.47482,1.46854,1.45787,1.43947,1.41083,1.37899,1.34765,1.31351,1.27820,1.24125,1.19275,1.14363,1.14185,1.14185,1.14185,1.14185,1.14185,1.14185,1.14185,1.14185,1.14185,1.12398,0.790010,0.233907,0.0885432,0.0677495,0.0677495,0.0677495,0.0677495,0.0677495,0.0677495,0.0677495,0.0677495,0.0677495,0.0677495,0.00000 /)

case_a = "UMGA7 scaled to 1mPa at 100hPa launch height 1993-05-01"

 EqZm_EW_accel_1mpa9305 = (/ 0.00000,0.00000,0.00000,0.00000,0.00000,0.00000,0.00000,0.00000,0.00000,0.00000,0.00000,0.00000,0.00000,0.00000,0.00000,0.00000,0.00000,0.00000,0.00000,0.00000,0.00000,0.00000,0.00000,0.00000,0.00000,0.00000,0.00000,0.00000,0.00000,0.00000,0.00000,0.00000,0.00000,0.00000,0.00000,-0.0126086,0.416674,0.739823,0.440012,0.305818,0.118815,0.0868033,0.0336399,1.71059e-05,-0.0680057,-1.68453,-6.41280,-5.80250,-2.38794,-0.408535,0.00000,0.00000,0.00000,4.94054,5.95008,4.21647,0.383936,0.00000,0.00000,5.63838 /)
 EqZm_Eastward_flux_1mpa9305 = (/ 0.00000,0.00000,0.00000,0.00000,0.00000,0.00000,0.00000,0.00000,0.00000,0.00000,0.00000,0.00000,0.00000,0.00000,0.00000,0.00000,0.00000,0.00000,0.00000,0.00000,0.00000,0.00000,0.00000,0.00000,0.00000,0.00000,0.00000,0.00000,0.00000,0.00000,0.00000,0.00000,0.00000,0.00000,0.997501,0.933620,0.734738,0.481676,0.357745,0.284359,0.260662,0.246688,0.242317,0.242315,0.242315,0.242315,0.242315,0.242315,0.242315,0.242315,0.242315,0.242315,0.242315,0.174380,0.104787,0.0630167,0.0598452,0.0598452,0.0598452,0.00000 /)
EqZm_Westward_flux_1mpa9305 = (/ 0.00000,0.00000,0.00000,0.00000,0.00000,0.00000,0.00000,0.00000,0.00000,0.00000,0.00000,0.00000,0.00000,0.00000,0.00000,0.00000,0.00000,0.00000,0.00000,0.00000,0.00000,0.00000,0.00000,0.00000,0.00000,0.00000,0.00000,0.00000,0.00000,0.00000,0.00000,0.00000,0.00000,0.00000,0.997501,0.928491,0.881032,0.865636,0.864853,0.864853,0.864853,0.864853,0.864853,0.864853,0.859097,0.744018,0.390426,0.132196,0.0464231,0.0345792,0.0345792,0.0345792,0.0345792,0.0345792,0.0345792,0.0345792,0.0345792,0.0345792,0.0345792,0.00000 /)

case_a = "UMGA7 scaled to 10mPa at 100hPa launch height 1993-05-01"

 EqZm_EW_accel_10mpa9305 = (/ 0.00000,0.00000,0.00000,0.00000,0.00000,0.00000,0.00000,0.00000,0.00000,0.00000,0.00000,0.00000,0.00000,0.00000,0.00000,0.00000,0.00000,0.00000,0.00000,0.00000,0.00000,0.00000,0.00000,0.00000,0.00000,0.00000,0.00000,0.00000,0.00000,0.00000,0.00000,0.00000,0.00000,0.00000,0.00000,-0.00667693,0.970856,1.44217,0.711051,0.518878,0.301079,0.299548,-0.0833583,-0.244445,-2.21324,-6.96160,-9.23729,-6.04729,-2.69417,-0.465530,0.963730,2.89640,4.55470,7.15390,4.47040,3.48567,0.686303,0.0644789,0.126926,-0.385664 /)
 EqZm_Eastward_flux_10mpa9305 = (/ 0.00000,0.00000,0.00000,0.00000,0.00000,0.00000,0.00000,0.00000,0.00000,0.00000,0.00000,0.00000,0.00000,0.00000,0.00000,0.00000,0.00000,0.00000,0.00000,0.00000,0.00000,0.00000,0.00000,0.00000,0.00000,0.00000,0.00000,0.00000,0.00000,0.00000,0.00000,0.00000,0.00000,0.00000,9.96872,9.04465,6.73181,4.25677,3.25296,2.63039,2.33014,2.07760,2.02256,2.02030,2.02030,2.02028,2.02028,2.02028,2.01929,1.99180,1.87847,1.59791,1.22824,0.736392,0.474958,0.302307,0.273960,0.271809,0.268579,0.00000 /)
 EqZm_Westward_flux_10mpa9305 = (/ 0.00000,0.00000,0.00000,0.00000,0.00000,0.00000,0.00000,0.00000,0.00000,0.00000,0.00000,0.00000,0.00000,0.00000,0.00000,0.00000,0.00000,0.00000,0.00000,0.00000,0.00000,0.00000,0.00000,0.00000,0.00000,0.00000,0.00000,0.00000,0.00000,0.00000,0.00000,0.00000,0.00000,0.00000,9.96872,9.03106,8.48232,8.32375,8.31497,8.31497,8.31497,8.30353,8.19434,8.06390,7.12724,4.74931,2.20267,0.857050,0.372197,0.277220,0.277220,0.277220,0.277220,0.277220,0.277220,0.277220,0.277220,0.277220,0.277220,0.00000 /)

