  E-MF [mPa]    W-MF [mPa]      z [km]
   0.000000     -0.000000     -0.000000
   0.000000     -0.000000      0.020733
   0.000000     -0.000000      0.051411
   0.000000     -0.000000      0.095153
   0.000000     -0.000000      0.154593
   0.000000     -0.000000      0.231955
   0.000141     -0.000179      0.329119
   0.000198     -0.000255      0.447690
   0.006938     -0.007780      0.589050
   0.046486     -0.043921      0.754405
   0.099219     -0.093722      0.944823
   0.115589     -0.107483      1.161271
   0.152931     -0.127977      1.404641
   0.229932     -0.189494      1.675766
   0.336297     -0.280852      1.975447
   0.461923     -0.398260      2.304453
   0.509531     -0.451207      2.663541
   0.522384     -0.466949      3.053454
   0.537663     -0.494643      3.474926
   1.515518     -1.462292      3.928679
   1.713001     -1.662324      4.415430
   1.741851     -1.668685      4.935872
   1.725696     -1.636009      5.490695
   1.676116     -1.586109      6.080579
   1.607770     -1.532775      6.706222
   1.550954     -1.486870      7.368380
   1.481713     -1.457105      8.067965
   1.409201     -1.420767      8.806201
   1.358903     -1.361134      9.584912
   1.306398     -1.286729     10.407007
   1.223892     -1.235118     11.277281
   1.134986     -1.210297     12.200431
   1.073165     -1.191550     13.179681
   1.024418     -1.154964     14.218450
   0.966880     -1.109642     15.320370
   0.908849     -1.057177     16.489292
   0.833499     -1.007012     17.729305
   0.806393     -0.937358     19.044754
   0.805039     -0.634180     20.434862
   0.804331     -0.202962     21.895710
   0.804088     -0.073930     23.395710
   0.802549     -0.039924     24.895708
   0.791617     -0.035489     26.395710
   0.754139     -0.035484     27.895708
   0.633468     -0.035484     29.395708
   0.355440     -0.035484     30.895708
   0.175402     -0.035484     32.395710
   0.134002     -0.035484     33.895710
   0.130185     -0.035484     35.395710
   0.129922     -0.035473     36.895710
   0.129529     -0.035357     38.404297
   0.128855     -0.035158     39.949673
   0.127089     -0.035091     41.573093
   0.118067     -0.035034     43.322277
   0.094804     -0.034932     45.256840
   0.087944     -0.034525     47.456139
   0.086938     -0.033500     50.031494
   0.085025     -0.031794     53.146523
   0.080037     -0.030589     57.052105
   0.010691     -0.009750     64.556229
Drag [m/s/day]    z [km]
   0.000000      0.010366
   0.000000      0.036072
   0.000000      0.073282
   0.000000      0.124873
   0.000000      0.193274
   0.000024      0.280537
   0.000010      0.388404
   0.000355      0.518370
  -0.001345      0.671727
  -0.001031      0.849614
  -0.000831      1.053047
  -0.004932      1.282956
  -0.004221      1.540204
  -0.003855      1.825607
  -0.002011      2.139950
   0.001258      2.483997
   0.000661      2.858498
   0.002785      3.264190
  -0.002264      3.701802
   0.001052      4.172055
  -0.003785      4.675651
  -0.002747      5.213284
  -0.002548      5.785637
   0.001484      6.393401
   0.004327      7.037301
   0.004706      7.718172
   0.010966      8.437082
  -0.000486      9.195557
  -0.005836      9.995959
   0.000955     10.842144
   0.020842     11.738856
   0.021431     12.690056
   0.008164     13.699065
   0.004659     14.769410
   0.007936     15.904831
   0.000189     17.109297
  -0.001020     18.387030
  -0.092630     19.739809
  -0.261138     21.165287
  -0.280767     22.645710
  -0.098448     24.145708
  -0.011869     25.645708
   0.068603     27.145708
   0.195556     28.645708
   0.362704     30.145708
   0.715230     31.645708
   0.554349     33.145710
   0.125241     34.645710
   0.009219     36.145710
   0.002333     37.650002
   0.005220     39.176987
   0.020978     40.761383
   0.075278     42.447681
   0.229428     44.289558
   0.280613     46.356487
   0.071917     48.743816
   0.006269     51.589012
   0.150568     55.099316
   0.188344     60.804169
