  E-MF [mPa]    W-MF [mPa]      z [km]
   0.000000     -0.000000     -0.000000
   0.000000     -0.000000      0.020733
   0.000000     -0.000000      0.051411
   0.000000     -0.000000      0.095153
   0.000000     -0.000000      0.154593
   0.000000     -0.000000      0.231955
   0.000176     -0.000221      0.329119
   0.000244     -0.000307      0.447690
   0.008264     -0.009239      0.589050
   0.055682     -0.051827      0.754405
   0.119363     -0.111421      0.944823
   0.139344     -0.128553      1.161271
   0.184696     -0.153629      1.404641
   0.278544     -0.228887      1.675766
   0.407514     -0.339990      1.975447
   0.558643     -0.482276      2.304453
   0.615454     -0.547124      2.663541
   0.629959     -0.566115      3.053454
   0.647349     -0.599686      3.474926
   0.735488     -0.675461      3.928679
   0.976769     -0.923474      4.415430
   1.016215     -0.944331      4.935872
   1.008566     -0.930383      5.490695
   0.981699     -0.903714      6.080579
   0.943498     -0.873551      6.706222
   0.916764     -0.858451      7.368380
   0.885919     -0.848261      8.067965
   0.844732     -0.830224      8.806201
   0.821006     -0.785797      9.584912
   0.787293     -0.721475     10.407007
   0.741586     -0.675489     11.277281
   0.681832     -0.652236     12.200431
   0.630796     -0.632611     13.179681
   0.592160     -0.599584     14.218450
   1.041508     -1.053810     15.320370
   0.954506     -0.923116     16.489292
   0.842933     -0.792733     17.729305
   0.808156     -0.710355     19.044754
   0.806418     -0.478691     20.434862
   0.805471     -0.212122     21.895710
   0.805141     -0.106141     23.395710
   0.803158     -0.065260     24.895708
   0.789460     -0.056325     26.395710
   0.743474     -0.056317     27.895708
   0.610981     -0.056317     29.395708
   0.351244     -0.056317     30.895708
   0.221673     -0.056317     32.395710
   0.172024     -0.056317     33.895710
   0.168662     -0.056317     35.395710
   0.168153     -0.056296     36.895710
   0.167583     -0.056121     38.404297
   0.166741     -0.055831     39.949673
   0.164570     -0.055727     41.573093
   0.156231     -0.055634     43.322277
   0.128366     -0.055480     45.256840
   0.118422     -0.054922     47.456139
   0.116172     -0.053565     50.031494
   0.112458     -0.050996     53.146523
   0.092641     -0.045661     57.052105
   0.011985     -0.011246     64.556229
Drag [m/s/day]    z [km]
   0.000000      0.010366
   0.000000      0.036072
   0.000000      0.073282
   0.000000      0.124873
   0.000000      0.193274
   0.000029      0.280537
   0.000010      0.388404
   0.000412      0.518370
  -0.001907      0.671727
  -0.001438      0.849614
  -0.000907      1.053047
  -0.005935      1.282956
  -0.005068      1.540204
  -0.004590      1.825607
  -0.002164      2.139950
   0.001893      2.483997
   0.001027      2.858498
   0.003630      3.264190
  -0.002742      3.701802
   0.001489      4.172055
  -0.004132      4.675651
  -0.001418      5.213284
   0.000046      5.785637
   0.001899      6.393401
   0.002848      7.037301
   0.005274      7.718172
   0.006208      8.437082
  -0.005865      9.195557
  -0.009209      9.995959
  -0.000089     10.842144
   0.012545     11.738856
   0.011658     12.690056
   0.002267     13.699065
   0.002166     14.769410
   0.004858     15.904831
  -0.024304     17.109297
  -0.027481     18.387030
  -0.108070     19.739809
  -0.215559     21.165287
  -0.132092     22.645710
  -0.069542     24.145708
  -0.013331     25.645708
   0.078745     27.145708
   0.233011     28.645708
   0.395529     30.145708
   0.644258     31.645708
   0.356938     33.145710
   0.154475     34.645710
   0.004570     36.145710
   0.003854     37.650002
   0.006738     39.176987
   0.025522     40.761383
   0.089528     42.447681
   0.229777     44.289558
   0.341773     46.356487
   0.119303     48.743816
   0.025750     51.589012
   0.198295     55.099316
   0.608332     60.804169
