  E-MF [mPa]    W-MF [mPa]      z [km]
   0.000000     -0.000000     -0.000000
   0.000000     -0.000000      0.020733
   0.000000     -0.000000      0.051411
   0.000000     -0.000000      0.095153
   0.000000     -0.000000      0.154593
   0.000000     -0.000000      0.231955
   0.000027     -0.000032      0.329119
   0.000125     -0.000213      0.447690
   0.001606     -0.002554      0.589050
   0.012229     -0.018878      0.754405
   0.038416     -0.060041      0.944823
   0.049315     -0.077461      1.161271
   0.082026     -0.118087      1.404641
   0.138928     -0.193703      1.675766
   0.221513     -0.284653      1.975447
   0.339117     -0.399812      2.304453
   0.409296     -0.464655      2.663541
   0.432861     -0.483303      3.053454
   0.447597     -0.497053      3.474926
   0.496055     -0.534586      3.928679
   0.710786     -0.737039      4.415430
   0.760876     -0.774109      4.935872
   0.756585     -0.776357      5.490695
   0.748872     -0.782211      6.080579
   0.738450     -0.788755      6.706222
   0.737691     -0.797268      7.368380
   0.741803     -0.806377      8.067965
   0.727405     -0.795810      8.806201
   0.718446     -0.783910      9.584912
   0.686611     -0.757234     10.407007
   0.645979     -0.730723     11.277281
   0.592509     -0.706226     12.200431
   0.555233     -0.686360     13.179681
   0.524431     -0.661568     14.218450
   0.983305     -1.121923     15.320370
   0.887113     -1.044224     16.489292
   0.695155     -0.987156     17.729305
   0.424638     -0.965450     19.044754
   0.294367     -0.958491     20.434862
   0.229576     -0.953019     21.895710
   0.205630     -0.937590     23.395710
   0.193461     -0.911516     24.895708
   0.187560     -0.884951     26.395710
   0.186346     -0.848622     27.895708
   0.186225     -0.783891     29.395708
   0.186204     -0.639830     30.895708
   0.186193     -0.349048     32.395710
   0.186182     -0.128199     33.895710
   0.186121     -0.050340     35.395710
   0.185776     -0.037965     36.895710
   0.183871     -0.037965     38.404297
   0.177248     -0.037965     39.949673
   0.163793     -0.037965     41.573093
   0.114836     -0.037965     43.322277
   0.072179     -0.037964     45.256840
   0.045507     -0.037960     47.456139
   0.042046     -0.037869     50.031494
   0.041718     -0.037205     53.146523
   0.041206     -0.035110     57.052105
   0.009180     -0.012303     64.556229
Drag [m/s/day]    z [km]
   0.000000      0.010366
   0.000000      0.036072
   0.000000      0.073282
   0.000000      0.124873
   0.000000      0.193274
   0.000003      0.280537
   0.000044      0.388404
   0.000389      0.518370
   0.002251      0.671727
   0.005266      0.849614
   0.002077      1.053047
   0.002317      1.282956
   0.005101      1.540204
   0.002149      1.825607
  -0.000598      2.139950
  -0.001257      2.483997
  -0.001125      2.858498
  -0.000221      3.264190
  -0.002423      3.701802
  -0.002715      4.172055
  -0.002894      4.675651
   0.001472      5.213284
   0.003118      5.785637
   0.004009      6.393401
   0.002269      7.037301
   0.001276      7.718172
   0.001028      8.437082
  -0.000833      9.195557
   0.001552      9.995959
   0.004529     10.842144
   0.009958     11.738856
   0.006462     12.690056
   0.002429     13.699065
   0.000658     14.769410
   0.010363     15.904831
   0.031351     17.109297
   0.122707     18.387030
   0.118174     19.739809
   0.062893     21.165287
   0.027234     22.645710
  -0.014125     24.145708
  -0.026560     25.645708
  -0.063736     27.145708
  -0.146143     28.645708
  -0.260527     30.145708
  -0.582656     31.645708
  -1.054277     33.145710
  -0.775016     34.645710
  -0.281012     36.145710
  -0.024622     37.650002
   0.068514     39.176987
   0.166145     40.761383
   0.218599     42.447681
   0.628879     44.289558
   0.712238     46.356487
   0.465100     48.743816
   0.028245     51.589012
  -0.063049     55.099316
  -0.159754     60.804169
