  E-MF [mPa]    W-MF [mPa]      z [km]
   0.000000     -0.000000     -0.000000
   0.000000     -0.000000      0.020733
   0.000000     -0.000000      0.051411
   0.000000     -0.000000      0.095153
   0.000000     -0.000000      0.154593
   0.000000     -0.000000      0.231955
   0.000110     -0.000120      0.329119
   0.001238     -0.001806      0.447690
   0.016353     -0.022868      0.589050
   0.135367     -0.193013      0.754405
   0.444541     -0.670439      0.944823
   0.595487     -0.915499      1.161271
   1.006005     -1.415642      1.404641
   1.749896     -2.371124      1.675766
   2.706002     -3.397799      1.975447
   4.004343     -4.674872      2.304453
   4.834661     -5.425742      2.663541
   5.114805     -5.640681      3.053454
   5.193261     -5.732932      3.474926
   5.595654     -6.023681      3.928679
   7.725846     -7.923677      4.415430
   8.578253     -8.705739      4.935872
   8.538809     -8.795259      5.490695
   8.428689     -8.884922      6.080579
   8.374263     -9.047369      6.706222
   8.536523     -9.364871      7.368380
   8.762147     -9.693992      8.067965
   8.576343     -9.528557      8.806201
   8.544061     -9.430382      9.584912
   8.140340     -9.048017     10.407007
   7.574870     -8.641951     11.277281
   6.915443     -8.256927     12.200431
   6.339920     -7.896962     13.179681
   5.798048     -7.439779     14.218450
  10.104432    -11.682605     15.320370
   8.714018    -10.324516     16.489292
   6.482385     -9.380178     17.729305
   4.097903     -8.987622     19.044754
   2.995389     -8.824647     20.434862
   2.409731     -8.648062     21.895710
   2.136036     -8.264090     23.395710
   1.930873     -7.774667     24.895708
   1.833332     -7.302218     26.395710
   1.791911     -6.782732     27.895708
   1.782306     -5.721888     29.395708
   1.778090     -3.911487     30.895708
   1.773641     -2.066020     32.395710
   1.768279     -0.976213     33.895710
   1.755609     -0.521510     35.395710
   1.710794     -0.405920     36.895710
   1.577847     -0.404521     38.404297
   1.302876     -0.404468     39.949673
   0.959128     -0.404270     41.573093
   0.593359     -0.402966     43.322277
   0.398914     -0.397004     45.256840
   0.265567     -0.384390     47.456139
   0.230523     -0.357810     50.031494
   0.219457     -0.311237     53.146523
   0.204690     -0.253201     57.052105
   0.041173     -0.049503     64.556229
Drag [m/s/day]    z [km]
   0.000000      0.010366
   0.000000      0.036072
   0.000000      0.073282
   0.000000      0.124873
   0.000000      0.193274
   0.000007      0.280537
   0.000295      0.388404
   0.002687      0.518370
   0.020187      0.671727
   0.059169      0.849614
   0.029975      1.053047
   0.026236      1.282956
   0.057678      1.540204
   0.018129      1.825607
  -0.005205      2.139950
  -0.018713      2.483997
  -0.014920      2.858498
   0.003094      3.264190
  -0.024764      3.701802
  -0.050906      4.172055
  -0.015636      4.675651
   0.029033      5.213284
   0.045907      5.785637
   0.051248      6.393401
   0.037999      7.037301
   0.026429      7.718172
   0.005463      8.437082
  -0.018670      9.195557
   0.006426      9.995959
   0.051127     10.842144
   0.094308     11.738856
   0.080007     12.690056
   0.034226     13.699065
  -0.028216     14.769410
   0.019254     15.904831
   0.219977     17.109297
   1.005224     18.387030
   1.037477     19.739809
   0.437175     21.165287
  -0.002182     22.645710
  -0.353357     24.145708
  -0.386671     25.645708
  -0.832705     27.145708
  -1.502232     28.645708
  -2.917082     30.145708
  -5.543915     31.645708
  -6.472100     33.145710
  -4.139948     34.645710
  -1.603045     36.145710
   0.405249     37.650002
   1.874654     39.176987
   3.408134     40.761383
   4.006012     42.447681
   4.567871     44.289558
   2.932693     46.356487
   1.603843     48.743816
  -0.762568     51.589012
  -1.754271     55.099316
  -1.614813     60.804169
