  E-MF [mPa]    W-MF [mPa]      z [km]
   0.000000     -0.000000     -0.000000
   0.000000     -0.000000      0.020733
   0.000000     -0.000000      0.051411
   0.000000     -0.000000      0.095153
   0.000000     -0.000000      0.154593
   0.000000     -0.000000      0.231955
   0.000032     -0.000039      0.329119
   0.000167     -0.000294      0.447690
   0.002139     -0.003418      0.589050
   0.016393     -0.025202      0.754405
   0.051657     -0.080782      0.944823
   0.066519     -0.104512      1.161271
   0.110725     -0.159731      1.404641
   0.187870     -0.262323      1.675766
   0.299925     -0.384814      1.975447
   0.459936     -0.539674      2.304453
   0.555883     -0.627480      2.663541
   0.587699     -0.652430      3.053454
   0.606475     -0.670001      3.474926
   1.575988     -1.623743      3.928679
   1.865828     -1.889176      4.415430
   1.927909     -1.936068      4.935872
   1.911838     -1.932669      5.490695
   1.891511     -1.933772      6.080579
   1.865572     -1.937383      6.706222
   1.852474     -1.945268      7.368380
   1.844238     -1.951050      8.067965
   1.806984     -1.924133      8.806201
   1.775580     -1.889840      9.584912
   1.703364     -1.833761     10.407007
   1.597827     -1.777947     11.277281
   1.475176     -1.723505     12.200431
   1.393670     -1.674376     13.179681
   1.329509     -1.617242     14.218450
   1.247694     -1.534009     15.320370
   1.118471     -1.443699     16.489292
   0.936639     -1.394755     17.729305
   0.533479     -1.373408     19.044754
   0.339675     -1.363455     20.434862
   0.238913     -1.355276     21.895710
   0.206467     -1.332957     23.395710
   0.192479     -1.295704     24.895708
   0.186090     -1.258169     26.395710
   0.184195     -1.208365     27.895708
   0.183984     -1.126088     29.395708
   0.183946     -1.006644     30.895708
   0.183919     -0.692319     32.395710
   0.183891     -0.226331     33.895710
   0.183762     -0.089450     35.395710
   0.183059     -0.068618     36.895710
   0.179736     -0.068617     38.404297
   0.169754     -0.068617     39.949673
   0.151851     -0.068617     41.573093
   0.108764     -0.068617     43.322277
   0.069453     -0.068617     45.256840
   0.047653     -0.068603     47.456139
   0.042561     -0.068410     50.031494
   0.042072     -0.067304     53.146523
   0.041297     -0.064135     57.052105
   0.011282     -0.015029     64.556229
Drag [m/s/day]    z [km]
   0.000000      0.010366
   0.000000      0.036072
   0.000000      0.073282
   0.000000      0.124873
   0.000000      0.193274
   0.000004      0.280537
   0.000064      0.388404
   0.000520      0.518370
   0.002973      0.671727
   0.007144      0.849614
   0.002825      1.053047
   0.003224      1.282956
   0.006936      1.540204
   0.002681      1.825607
  -0.001260      2.139950
  -0.001917      2.483997
  -0.001571      2.858498
  -0.000270      3.264190
  -0.003498      3.701802
  -0.005604      4.172055
  -0.003713      4.675651
   0.002729      5.213284
   0.005177      5.785637
   0.006091      6.393401
   0.004670      7.037301
   0.003671      7.718172
   0.003161      8.437082
   0.000094      9.195557
   0.002427      9.995959
   0.009064     10.842144
   0.022914     11.738856
   0.019036     12.690056
   0.007082     13.699065
   0.000396     14.769410
   0.011358     15.904831
   0.047937     17.109297
   0.131720     18.387030
   0.192698     19.739809
   0.099290     21.165287
   0.046977     22.645710
  -0.020812     24.145708
  -0.041176     25.645708
  -0.089636     27.145708
  -0.194279     28.645708
  -0.326430     30.145708
  -0.532738     31.645708
  -1.128055     33.145710
  -1.835644     34.645710
  -0.576532     36.145710
  -0.059346     37.650002
   0.103255     39.176987
   0.221091     40.761383
   0.271594     42.447681
   0.522714     44.289558
   0.650312     46.356487
   0.349282     48.743816
   0.046895     51.589012
  -0.095300     55.099316
  -0.225892     60.804169
