  E-MF [mPa]    W-MF [mPa]      z [km]
   0.000000     -0.000000     -0.000000
   0.000000     -0.000000      0.020733
   0.000000     -0.000000      0.051411
   0.000000     -0.000000      0.095153
   0.000000     -0.000000      0.154593
   0.000000     -0.000000      0.231955
   0.001875     -0.002585      0.329119
   0.002639     -0.003115      0.447690
   0.064796     -0.063276      0.589050
   0.467830     -0.385145      0.754405
   1.088065     -0.916529      0.944823
   1.328568     -1.182166      1.161271
   1.820174     -1.484151      1.404641
   2.858329     -2.455163      1.675766
   4.189181     -3.748104      1.975447
   5.572942     -5.373259      2.304453
   6.076326     -6.216480      2.663541
   6.168994     -6.469040      3.053454
   6.316083     -6.792124      3.474926
   7.227757     -7.529835      3.928679
   9.557464    -10.162850      4.415430
  10.156161    -10.639033      4.935872
  10.147428    -10.467974      5.490695
   9.955745    -10.173304      6.080579
   9.724457     -9.927073      6.706222
   9.813463    -10.019614      7.368380
   9.658379    -10.038634      8.067965
   9.407293     -9.968061      8.806201
   9.176711     -9.632019      9.584912
   8.727267     -8.993179     10.407007
   8.133792     -8.456549     11.277281
   7.386793     -8.047363     12.200431
   6.743683     -7.636771     13.179681
   6.217178     -7.043154     14.218450
  10.541467    -11.262930     15.320370
   9.337155     -9.120525     16.489292
   7.957853     -7.482750     17.729305
   7.525517     -6.502252     19.044754
   7.483015     -4.408539     20.434862
   7.455893     -2.314498     21.895710
   7.432863     -1.330448     23.395710
   7.346709     -0.874014     24.895708
   7.069608     -0.760539     26.395710
   6.399235     -0.759599     27.895708
   4.451124     -0.759583     29.395708
   2.415452     -0.759529     30.895708
   1.509179     -0.759321     32.395710
   1.190809     -0.758029     33.895710
   1.127564     -0.751448     35.395710
   1.104360     -0.730789     36.895710
   1.087547     -0.686471     38.404297
   1.062799     -0.634148     39.949673
   0.979418     -0.601685     41.573093
   0.833899     -0.576984     43.322277
   0.630855     -0.550837     45.256840
   0.510205     -0.494126     47.456139
   0.480063     -0.392136     50.031494
   0.440414     -0.289701     53.146523
   0.328525     -0.233950     57.052105
   0.042605     -0.046375     64.556229
Drag [m/s/day]    z [km]
   0.000000      0.010366
   0.000000      0.036072
   0.000000      0.073282
   0.000000      0.124873
   0.000000      0.193274
   0.000451      0.280537
  -0.000123      0.388404
  -0.000902      0.518370
  -0.032044      0.671727
  -0.031246      0.849614
   0.008005      1.053047
  -0.055507      1.282956
  -0.018303      1.540204
  -0.009739      1.825607
   0.059078      2.139950
   0.080041      2.483997
   0.036589      2.858498
   0.039480      3.264190
  -0.038587      3.701802
   0.067074      4.172055
  -0.027229      4.675651
  -0.036544      5.213284
  -0.023664      5.785637
  -0.003531      6.393401
   0.000866      7.037301
   0.044457      7.718172
   0.048408      8.437082
  -0.029879      9.195557
  -0.056983      9.995959
   0.018231     10.842144
   0.116102     11.738856
   0.086300     12.690056
  -0.027122     13.699065
  -0.046397     14.769410
  -0.089014     15.904831
  -0.403464     17.109297
  -0.293043     18.387030
  -0.982375     19.739809
  -1.651076     21.165287
  -1.254294     22.645710
  -0.613938     24.145708
   0.073524     25.645708
   1.075897     27.145708
   2.146715     28.645708
   4.453238     30.145708
   5.174670     31.645708
   2.729613     33.145710
   1.075373     34.645710
   0.076209     36.145710
  -0.178301     37.650002
  -0.167429     39.176987
   0.269650     40.761383
   1.190671     42.447681
   2.070744     44.289558
   1.826224     46.356487
   0.164136     48.743816
  -1.831954     51.589012
  -0.306097     55.099316
   2.244918     60.804169
