   2.414489    
   2.385257    
   2.354414    
   2.323264    
   2.292099    
   2.260801    
   2.229626    
   2.198603    
   2.167499    
   2.136711    
   2.105852    
   2.075246    
   2.044918    
   2.014546    
   1.984585    
   1.954611    
   1.924933    
   1.895559    
   1.866205    
   1.837278    
   1.808338    
   1.779735    
   1.751488    
   1.723223    
   1.695419    
   1.667637    
   1.640205    
   1.613098    
   1.586022    
   1.559410    
   1.532806    
   1.506552    
   1.480665    
   1.454770    
   1.429353    
   1.403960    
   1.378921    
   1.354217    
   1.329551    
   1.305341    
   1.281131    
   1.255352    
   1.228176    
   1.201159    
   1.174757    
   1.148527    
   1.122771    
   1.097485    
   1.072439    
   1.047979    
   1.023746    
   1.000000    
  0.9767663    
  0.9537268    
  0.9312545    
  0.9090105    
  0.8872486    
  0.8659714    
  0.8449863    
  0.8246068    
  0.8045166    
  0.7849597    
  0.7659540    
  0.7472174    
  0.7290856    
  0.7112386    
  0.6938995    
  0.6770256    
  0.6604422    
  0.6443771    
  0.6285699    
  0.6132022    
  0.5982851    
  0.5835993    
  0.5694050    
  0.5554536    
  0.5419179    
  0.5287680    
  0.5158638    
  0.5033888    
  0.4911328    
  0.4792379    
  0.4677080    
  0.4563633    
  0.4454007    
  0.4346238    
  0.4241610    
  0.4139875    
  0.4040014    
  0.3943416    
  0.3848525    
  0.3756442    
  0.3667203    
  0.3579456    
  0.3494700    
  0.3411434    
  0.3330630    
  0.3252046    
  0.3174916    
  0.3100154    
  0.3026660    
  0.2955115    
  0.2885551    
  0.2817059    
  0.2750660    
  0.2685405    
  0.2621979    
  0.2560290    
  0.2499794    
  0.2441248    
  0.2383811    
  0.2328100    
  0.2274142    
  0.2221217    
  0.2170179    
  0.2120191    
  0.2071811    
  0.2024931    
  0.1979058    
  0.1934804    
  0.1891439    
  0.1849422    
  0.1808740    
  0.1768785    
  0.1730178    
  0.1692271    
  0.1655460    
  0.1619648    
  0.1584508    
  0.1550469    
  0.1517039    
  0.1484563    
  0.1453049    
  0.1422087    
  0.1392157    
  0.1362794    
  0.1334314    
  0.1306679    
  0.1279593    
  0.1253426    
  0.1227741    
  0.1202807    
  0.1178614    
  0.1154808    
  0.1131757    
  0.1109083    
  0.1087023    
  0.1065552    
  0.1044453    
  0.1024028    
  0.1003943    
  9.8444775E-02
  9.6553944E-02
  9.4693422E-02
  9.2895009E-02
  9.1125935E-02
  8.9406580E-02
  8.7732390E-02
  8.6084932E-02
  8.4486984E-02
  8.2911633E-02
  8.1377916E-02
  7.9885878E-02
  7.8413770E-02
  7.6987334E-02
  7.5581394E-02
  7.4212864E-02
  7.2878994E-02
  7.1564049E-02
  7.0287548E-02
  6.9026537E-02
  6.7796543E-02
  6.6597320E-02
  6.5410055E-02
  6.4255446E-02
  6.3112415E-02
  6.1994310E-02
  6.0898151E-02
  5.9812475E-02
  5.8751885E-02
  5.7699557E-02
  5.6667570E-02
  5.5656295E-02
  5.4651920E-02
  5.3671043E-02
  5.2697666E-02
  5.1742807E-02
  5.0804462E-02
  4.9873449E-02
  4.8961595E-02
  4.8055388E-02
  4.7164299E-02
  4.6288848E-02
  4.5418009E-02
  4.4565368E-02
  4.3718304E-02
  4.2886004E-02
  4.2067390E-02
  4.1255049E-02
  4.0459160E-02
  3.9668545E-02
  3.8891308E-02
  3.8128085E-02
  3.7369594E-02
  3.6627665E-02
  3.5892054E-02
  3.5170987E-02
  3.4464583E-02
  3.3765730E-02
  3.3084836E-02
  3.2410819E-02
  3.1751506E-02
  3.1107189E-02
  3.0468497E-02
  2.9846368E-02
  2.9230561E-02
  2.8628426E-02
  2.8039863E-02
  2.7458386E-02
  2.6893534E-02
  2.6335152E-02
  2.5790501E-02
  2.5259603E-02
  2.4733422E-02
  2.4221320E-02
  2.3713691E-02
  2.3216566E-02
  2.2729242E-02
  2.2246849E-02
  2.1776877E-02
  2.1311570E-02
  2.0857103E-02
  2.0413769E-02
  1.9974602E-02
  1.9547632E-02
  1.9124901E-02
  1.8711671E-02
  1.8306984E-02
  1.7906679E-02
  1.7516775E-02
  1.7130818E-02
  1.6753783E-02
  1.6385987E-02
  1.6021866E-02
  1.5668239E-02
  1.5318627E-02
  1.4977578E-02
  1.4644458E-02
  1.4315512E-02
  1.3995869E-02
  1.3679841E-02
  1.3371568E-02
  1.3071254E-02
  1.2774060E-02
  1.2485703E-02
  1.2200596E-02
  1.1922511E-02
  1.1650697E-02
  1.1382181E-02
  1.1121136E-02
  1.0863007E-02
  1.0611404E-02
  1.0366584E-02
  1.0124638E-02
  9.8904921E-03
  9.6593667E-03
  9.4345268E-03
  9.2153130E-03
  8.9990580E-03
  8.7892953E-03
  8.5820295E-03
  8.3802240E-03
  8.1840418E-03
  7.9901190E-03
  7.8026052E-03
  7.6176277E-03
  7.4379793E-03
  7.2634700E-03
  7.0915841E-03
  6.9256048E-03
  6.7617726E-03
  6.6023236E-03
  6.4472267E-03
  6.2933662E-03
  6.1439881E-03
  5.9959716E-03
  5.8514830E-03
  5.7103448E-03
  5.5707786E-03
  5.4352144E-03
  5.3009558E-03
  5.1696934E-03
  5.0415108E-03
  4.9141319E-03
  4.7901100E-03
  4.6671932E-03
  4.5471489E-03
  4.4299806E-03
  4.3142796E-03
  4.2020949E-03
  4.0912293E-03
  3.9831484E-03
  3.8779529E-03
  3.7737528E-03
  3.6727120E-03
  3.5728118E-03
  3.4755138E-03
  3.3805803E-03
  3.2869773E-03
  3.1962045E-03
  3.1066544E-03
  3.0195236E-03
  2.9349478E-03
  2.8515097E-03
  2.7709554E-03
  2.6916787E-03
  2.6148583E-03
  2.5403015E-03
  2.4671387E-03
  2.3965426E-03
  2.3271942E-03
  2.2599993E-03
  2.1950321E-03
  2.1311459E-03
  2.0696644E-03
  2.0093189E-03
  1.9509874E-03
  1.8944892E-03
  1.8391812E-03
  1.7859263E-03
  1.7337460E-03
  1.6832877E-03
  1.6345864E-03
  1.5867684E-03
  1.5407513E-03
  1.4956137E-03
  1.4519520E-03
  1.4096193E-03
  1.3682153E-03
  1.3282967E-03
  1.2892430E-03
  1.2515052E-03
  1.2151327E-03
  1.1795865E-03
  1.1455361E-03
  1.1123398E-03
  1.0804386E-03
  1.0496272E-03
  1.0195918E-03
  9.9059404E-04
  9.6223562E-04
  9.3471416E-04
  9.0806541E-04
  8.8199903E-04
  8.5690100E-04
  8.3243166E-04
  8.0885243E-04
  7.8608241E-04
  7.6393218E-04
  7.4257579E-04
  7.2176068E-04
  7.0159876E-04
  6.8210246E-04
  6.6306890E-04
  6.4471347E-04
  6.2683312E-04
  6.0957053E-04
  5.9288862E-04
  5.7668716E-04
  5.6108681E-04
  5.4593419E-04
  5.3131575E-04
  5.1723386E-04
  5.0354842E-04
  4.9039570E-04
  4.7762797E-04
  4.6533137E-04
  4.5347644E-04
  4.4198820E-04
  4.3094691E-04
  4.2024191E-04
  4.0993365E-04
  4.0001795E-04
  3.9039843E-04
  3.8116676E-04
  3.7221806E-04
  3.6360943E-04
  3.5532092E-04
  3.4729121E-04
  3.3958183E-04
  3.3210556E-04
  3.2490748E-04
  3.1798033E-04
  3.1125126E-04
  3.0478422E-04
  2.9850219E-04
  2.9244399E-04
  2.8659328E-04
  2.8090825E-04
  2.7542817E-04
  2.7009562E-04
  2.6494006E-04
  2.5995684E-04
  2.5509985E-04
  2.5041105E-04
  2.4584122E-04
  2.4141608E-04
  2.3712585E-04
  2.3294325E-04
  2.2889496E-04
  2.2494335E-04
  2.2110860E-04
  2.1738805E-04
  2.1375153E-04
  2.1022756E-04
  2.0678352E-04
  2.0343708E-04
  2.0018229E-04
  1.9700060E-04
  1.9391094E-04
  1.9088747E-04
  1.8794469E-04
  1.8508095E-04
  1.8227556E-04
  1.7954866E-04
  1.7687770E-04
  1.7427524E-04
  1.7173748E-04
  1.6925135E-04
  1.6683065E-04
  1.6445697E-04
  1.6214102E-04
  1.5988172E-04
  1.5766433E-04
  1.5550357E-04
  1.5338328E-04
  1.5131266E-04
  1.4928922E-04
  1.4730336E-04
  1.4536547E-04
  1.4346201E-04
  1.4160106E-04
  1.3978191E-04
  1.3799376E-04
  1.3624763E-04
  1.3453158E-04
  1.3285255E-04
  1.3120880E-04
  1.2959314E-04
  1.2801356E-04
  1.2645985E-04
  1.2493823E-04
  1.2344822E-04
  1.2198168E-04
  1.2054705E-04
  1.1913530E-04
  1.1775178E-04
  1.1639523E-04
  1.1506020E-04
  1.1375285E-04
  1.1246538E-04
  1.1120264E-04
  1.0996428E-04
  1.0874407E-04
  1.0754859E-04
  1.0637087E-04
  1.0521508E-04
  1.0408034E-04
  1.0296236E-04
  1.0186603E-04
  1.0078526E-04
  1.0023988E-04
