   2.413933    
   2.384708    
   2.353872    
   2.322729    
   2.291571    
   2.260281    
   2.229113    
   2.198097    
   2.167000    
   2.136219    
   2.105367    
   2.074768    
   2.044447    
   2.014082    
   1.984129    
   1.954161    
   1.924490    
   1.895123    
   1.865775    
   1.836855    
   1.807922    
   1.779326    
   1.751085    
   1.722827    
   1.695028    
   1.667253    
   1.639828    
   1.612726    
   1.585657    
   1.559051    
   1.532453    
   1.506205    
   1.480325    
   1.454436    
   1.429024    
   1.403636    
   1.378604    
   1.353906    
   1.329245    
   1.305040    
   1.280836    
   1.254916    
   1.227455    
   1.200121    
   1.173368    
   1.146978    
   1.121319    
   1.096230    
   1.071437    
   1.047287    
   1.023381    
   1.000000    
  0.9771363    
  0.9543604    
  0.9320026    
  0.9098677    
  0.8882123    
  0.8670315    
  0.8461314    
  0.8258113    
  0.8057610    
  0.7862203    
  0.7672100    
  0.7484576    
  0.7302983    
  0.7124155    
  0.6950329    
  0.6780913    
  0.6614251    
  0.6452360    
  0.6292851    
  0.6137469    
  0.5986413    
  0.5837744    
  0.5694095    
  0.5553097    
  0.5416533    
  0.5284129    
  0.5154378    
  0.5029187    
  0.4906322    
  0.4787242    
  0.4671952    
  0.4558545    
  0.4449014    
  0.4341320    
  0.4236744    
  0.4135028    
  0.4035160    
  0.3938558    
  0.3843660    
  0.3751605    
  0.3662436    
  0.3574798    
  0.3490240    
  0.3407232    
  0.3326785    
  0.3248690    
  0.3172102    
  0.3098054    
  0.3025314    
  0.2954673    
  0.2886146    
  0.2818714    
  0.2753503    
  0.2689402    
  0.2627149    
  0.2566590    
  0.2507129    
  0.2449523    
  0.2392892    
  0.2337824    
  0.2284338    
  0.2231698    
  0.2180737    
  0.2130648    
  0.2081980    
  0.2034649    
  0.1988199    
  0.1943232    
  0.1899063    
  0.1856145    
  0.1814483    
  0.1773493    
  0.1733799    
  0.1694768    
  0.1656806    
  0.1619834    
  0.1583529    
  0.1548352    
  0.1513800    
  0.1480253    
  0.1447723    
  0.1415778    
  0.1384930    
  0.1354671    
  0.1325336    
  0.1296865    
  0.1268960    
  0.1241992    
  0.1215521    
  0.1189836    
  0.1164933    
  0.1140453    
  0.1116792    
  0.1093553    
  0.1070992    
  0.1049074    
  0.1027564    
  0.1006771    
  9.8634101E-02
  9.6652366E-02
  9.4731584E-02
  9.2842244E-02
  9.1016985E-02
  8.9222267E-02
  8.7479040E-02
  8.5782699E-02
  8.4114388E-02
  8.2497500E-02
  8.0904476E-02
  7.9354875E-02
  7.7848792E-02
  7.6363869E-02
  7.4926615E-02
  7.3511072E-02
  7.2134651E-02
  7.0794262E-02
  6.9473796E-02
  6.8192944E-02
  6.6928357E-02
  6.5695591E-02
  6.4494446E-02
  6.3305967E-02
  6.2151242E-02
  6.1009079E-02
  5.9893180E-02
  5.8800872E-02
  5.7720203E-02
  5.6666344E-02
  5.5621751E-02
  5.4598697E-02
  5.3597443E-02
  5.2603599E-02
  5.1634043E-02
  5.0672248E-02
  4.9729329E-02
  4.8802774E-02
  4.7883559E-02
  4.6982903E-02
  4.6087727E-02
  4.5207169E-02
  4.4341948E-02
  4.3481778E-02
  4.2640395E-02
  4.1805621E-02
  4.0986918E-02
  4.0183604E-02
  3.9387714E-02
  3.8609590E-02
  3.7837472E-02
  3.7079338E-02
  3.6335666E-02
  3.5596862E-02
  3.4874719E-02
  3.4158960E-02
  3.3457756E-02
  3.2771181E-02
  3.2092188E-02
  3.1430908E-02
  3.0776443E-02
  3.0136071E-02
  2.9509999E-02
  2.8889015E-02
  2.8283447E-02
  2.7683664E-02
  2.7096620E-02
  2.6522594E-02
  2.5955543E-02
  2.5404850E-02
  2.4860814E-02
  2.4330582E-02
  2.3814226E-02
  2.3302944E-02
  2.2805851E-02
  2.2313597E-02
  2.1832051E-02
  2.1360317E-02
  2.0893792E-02
  2.0439338E-02
  1.9989718E-02
  1.9550517E-02
  1.9122059E-02
  1.8697929E-02
  1.8285606E-02
  1.7877806E-02
  1.7479464E-02
  1.7089698E-02
  1.6704695E-02
  1.6329875E-02
  1.5959375E-02
  1.5597590E-02
  1.5244865E-02
  1.4896224E-02
  1.4557919E-02
  1.4224224E-02
  1.3899366E-02
  1.3582960E-02
  1.3271410E-02
  1.2969466E-02
  1.2671744E-02
  1.2381945E-02
  1.2100192E-02
  1.1821982E-02
  1.1552512E-02
  1.1286739E-02
  1.1028097E-02
  1.0775991E-02
  1.0527610E-02
  1.0286784E-02
  1.0049248E-02
  9.8181935E-03
  9.5937708E-03
  9.3723517E-03
  9.1582565E-03
  8.9470819E-03
  8.7416172E-03
  8.5409647E-03
  8.3430102E-03
  8.1505449E-03
  7.9604154E-03
  7.7752518E-03
  7.5952793E-03
  7.4178069E-03
  7.2464203E-03
  7.0777317E-03
  6.9141355E-03
  6.7552761E-03
  6.5990407E-03
  6.4480915E-03
  6.2993169E-03
  6.1546611E-03
  6.0141226E-03
  5.8751497E-03
  5.7405611E-03
  5.6078099E-03
  5.4788189E-03
  5.3538005E-03
  5.2308678E-03
  5.1125595E-03
  4.9960129E-03
  4.8826402E-03
  4.7723153E-03
  4.6627056E-03
  4.5559676E-03
  4.4501130E-03
  4.3466086E-03
  4.2455308E-03
  4.1456004E-03
  4.0486320E-03
  3.9526522E-03
  3.8589209E-03
  3.7674671E-03
  3.6766019E-03
  3.5881018E-03
  3.5001014E-03
  3.4137433E-03
  3.3285641E-03
  3.2439346E-03
  3.1609966E-03
  3.0786828E-03
  2.9981348E-03
  2.9195645E-03
  2.8419399E-03
  2.7668271E-03
  2.6928892E-03
  2.6212120E-03
  2.5517014E-03
  2.4834594E-03
  2.4175558E-03
  2.3526992E-03
  2.2896880E-03
  2.2285739E-03
  2.1683206E-03
  2.1101674E-03
  2.0529658E-03
  1.9975503E-03
  1.9437693E-03
  1.8909740E-03
  1.8399877E-03
  1.7898525E-03
  1.7412077E-03
  1.6940957E-03
  1.6477088E-03
  1.6029857E-03
  1.5590263E-03
  1.5164532E-03
  1.4751197E-03
  1.4345646E-03
  1.3953650E-03
  1.3568446E-03
  1.3194554E-03
  1.2832376E-03
  1.2476202E-03
  1.2132790E-03
  1.1795704E-03
  1.1469431E-03
  1.1152511E-03
  1.0841892E-03
  1.0541041E-03
  1.0245660E-03
  9.9584810E-04
  9.6799521E-04
  9.4066543E-04
  9.1431820E-04
  8.8854891E-04
  8.6366979E-04
  8.3958183E-04
  8.1606547E-04
  7.9331669E-04
  7.7105075E-04
  7.4938766E-04
  7.2834647E-04
  7.0769666E-04
  6.8767380E-04
  6.6805998E-04
  6.4901268E-04
  6.3047663E-04
  6.1239122E-04
  5.9487764E-04
  5.7781802E-04
  5.6131952E-04
  5.4540549E-04
  5.2994554E-04
  5.1510002E-04
  5.0070882E-04
  4.8687632E-04
  4.7356379E-04
  4.6068520E-04
  4.4832978E-04
  4.3637099E-04
  4.2487451E-04
  4.1383645E-04
  4.0314617E-04
  3.9290843E-04
  3.8300376E-04
  3.7349749E-04
  3.6436663E-04
  3.5554077E-04
  3.4709013E-04
  3.3891379E-04
  3.3106247E-04
  3.2352706E-04
  3.1622246E-04
  3.0922101E-04
  3.0243359E-04
  2.9590374E-04
  2.8961137E-04
  2.8350923E-04
  2.7763995E-04
  2.7193921E-04
  2.6643864E-04
  2.6113281E-04
  2.5596985E-04
  2.5099568E-04
  2.4615545E-04
  2.4147712E-04
  2.3694920E-04
  2.3254179E-04
  2.2828329E-04
  2.2413260E-04
  2.2011112E-04
  2.1621572E-04
  2.1241340E-04
  2.0873468E-04
  2.0514413E-04
  2.0166048E-04
  1.9827698E-04
  1.9497372E-04
  1.9177052E-04
  1.8863978E-04
  1.8559657E-04
  1.8263901E-04
  1.7974497E-04
  1.7693559E-04
  1.7418688E-04
  1.7151193E-04
  1.6890652E-04
  1.6635690E-04
  1.6387722E-04
  1.6144826E-04
  1.5908094E-04
  1.5677407E-04
  1.5451218E-04
  1.5231046E-04
  1.5015200E-04
  1.4804630E-04
  1.4599055E-04
  1.4397489E-04
  1.4200981E-04
  1.4008139E-04
  1.3819778E-04
  1.3635818E-04
  1.3455146E-04
  1.3278880E-04
  1.3105792E-04
  1.2936587E-04
  1.2771075E-04
  1.2608526E-04
  1.2449734E-04
  1.2293669E-04
  1.2140947E-04
  1.1991514E-04
  1.1844547E-04
  1.1700889E-04
  1.1559625E-04
  1.1421287E-04
  1.1285747E-04
  1.1152451E-04
  1.1022011E-04
  1.0893644E-04
  1.0767829E-04
  1.0644528E-04
  1.0523115E-04
  1.0404242E-04
  1.0287209E-04
  1.0172433E-04
  1.0059815E-04
  9.9489327E-05
  9.8402648E-05
  9.7332049E-05
  9.6799988E-05
