   2.415724    
   2.386477    
   2.355618    
   2.324453    
   2.293271    
   2.261957    
   2.230767    
   2.199728    
   2.168608    
   2.137804    
   2.106929    
   2.076307    
   2.045964    
   2.015577    
   1.985601    
   1.955611    
   1.925918    
   1.896529    
   1.867159    
   1.838218    
   1.809263    
   1.780646    
   1.752384    
   1.724105    
   1.696286    
   1.668490    
   1.641045    
   1.613923    
   1.586833    
   1.560208    
   1.533590    
   1.507323    
   1.481423    
   1.455515    
   1.430084    
   1.404678    
   1.379627    
   1.354910    
   1.330231    
   1.306009    
   1.281787    
   1.256963    
   1.231492    
   1.205513    
   1.179112    
   1.152588    
   1.126128    
   1.100087    
   1.074276    
   1.049129    
   1.024275    
   1.000000    
  0.9763279    
  0.9529236    
  0.9301926    
  0.9077561    
  0.8858864    
  0.8645397    
  0.8435122    
  0.8230858    
  0.8029499    
  0.7833261    
  0.7642323    
  0.7454007    
  0.7271486    
  0.7091759    
  0.6916941    
  0.6746647    
  0.6579299    
  0.6417311    
  0.6258151    
  0.6104366    
  0.5956016    
  0.5810304    
  0.5669897    
  0.5531936    
  0.5398102    
  0.5268024    
  0.5140365    
  0.5016913    
  0.4895647    
  0.4777962    
  0.4663903    
  0.4551735    
  0.4443392    
  0.4336959    
  0.4233697    
  0.4133411    
  0.4035050    
  0.3940075    
  0.3846866    
  0.3756591    
  0.3669255    
  0.3583423    
  0.3500603    
  0.3419213    
  0.3340212    
  0.3263305    
  0.3187749    
  0.3114461    
  0.3042358    
  0.2972149    
  0.2903871    
  0.2836623    
  0.2771445    
  0.2707371    
  0.2645094    
  0.2584539    
  0.2525122    
  0.2467619    
  0.2411152    
  0.2356311    
  0.2303111    
  0.2250814    
  0.2200250    
  0.2150606    
  0.2102427    
  0.2055624    
  0.2009730    
  0.1965350    
  0.1921783    
  0.1879483    
  0.1838445    
  0.1798076    
  0.1758992    
  0.1720559    
  0.1683171    
  0.1646748    
  0.1610967    
  0.1576284    
  0.1542201    
  0.1509093    
  0.1476971    
  0.1445407    
  0.1414904    
  0.1384958    
  0.1355895    
  0.1327650    
  0.1299937    
  0.1273113    
  0.1246755    
  0.1221150    
  0.1196300    
  0.1171858    
  0.1148219    
  0.1124993    
  0.1102436    
  0.1080508    
  0.1058973    
  0.1038128    
  0.1017627    
  9.9770591E-02
  9.7836323E-02
  9.5931359E-02
  9.4087631E-02
  9.2272967E-02
  9.0508044E-02
  8.8789001E-02
  8.7097108E-02
  8.5456088E-02
  8.3838351E-02
  8.2263604E-02
  8.0731951E-02
  7.9220995E-02
  7.7757359E-02
  7.6314941E-02
  7.4911229E-02
  7.3542468E-02
  7.2192833E-02
  7.0881009E-02
  6.9584362E-02
  6.8317458E-02
  6.7080207E-02
  6.5854646E-02
  6.4661235E-02
  6.3480064E-02
  6.2324632E-02
  6.1192997E-02
  6.0073316E-02
  5.8981195E-02
  5.7898995E-02
  5.6839369E-02
  5.5802654E-02
  5.4774329E-02
  5.3771753E-02
  5.2778192E-02
  5.1805153E-02
  5.0850794E-02
  4.9905263E-02
  4.8981380E-02
  4.8064571E-02
  4.7165446E-02
  4.6284631E-02
  4.5410562E-02
  4.4558626E-02
  4.3714944E-02
  4.2890038E-02
  4.2083163E-02
  4.1284733E-02
  4.0506285E-02
  3.9734039E-02
  3.8976729E-02
  3.8234506E-02
  3.7496403E-02
  3.6775313E-02
  3.6059763E-02
  3.5358630E-02
  3.4672070E-02
  3.3991959E-02
  3.3329234E-02
  3.2671671E-02
  3.2025915E-02
  3.1391729E-02
  3.0758882E-02
  3.0137196E-02
  2.9517496E-02
  2.8906438E-02
  2.8305851E-02
  2.7709885E-02
  2.7129438E-02
  2.6554294E-02
  2.5992597E-02
  2.5444418E-02
  2.4899729E-02
  2.4368223E-02
  2.3839610E-02
  2.3320055E-02
  2.2808870E-02
  2.2301530E-02
  2.1805905E-02
  2.1314381E-02
  2.0833589E-02
  2.0364126E-02
  1.9898970E-02
  1.9446889E-02
  1.8999610E-02
  1.8563014E-02
  1.8136228E-02
  1.7714579E-02
  1.7304389E-02
  1.6898619E-02
  1.6502276E-02
  1.6115749E-02
  1.5733209E-02
  1.5362020E-02
  1.4995585E-02
  1.4638944E-02
  1.4291782E-02
  1.3949789E-02
  1.3618660E-02
  1.3291935E-02
  1.2973998E-02
  1.2665004E-02
  1.2359540E-02
  1.2063822E-02
  1.1771820E-02
  1.1487650E-02
  1.1210574E-02
  1.0937309E-02
  1.0672422E-02
  1.0410885E-02
  1.0156564E-02
  9.9096987E-03
  9.6659698E-03
  9.4306571E-03
  9.1985147E-03
  8.9730062E-03
  8.7532382E-03
  8.5364943E-03
  8.3263405E-03
  8.1187226E-03
  7.9167346E-03
  7.7205943E-03
  7.5268499E-03
  7.3398077E-03
  7.1553430E-03
  6.9763246E-03
  6.8022446E-03
  6.6307234E-03
  6.4648190E-03
  6.3010054E-03
  6.1416095E-03
  5.9867208E-03
  5.8333748E-03
  5.6849336E-03
  5.5382089E-03
  5.3954544E-03
  5.2564056E-03
  5.1192492E-03
  4.9864235E-03
  4.8551923E-03
  4.7272895E-03
  4.6028099E-03
  4.4794381E-03
  4.3597897E-03
  4.2415457E-03
  4.1265083E-03
  4.0146592E-03
  3.9045382E-03
  3.7981756E-03
  3.6933301E-03
  3.5913759E-03
  3.4923828E-03
  3.3944503E-03
  3.2996656E-03
  3.2060964E-03
  3.1151548E-03
  3.0266375E-03
  2.9395339E-03
  2.8552720E-03
  2.7722938E-03
  2.6917029E-03
  2.6136159E-03
  2.5366656E-03
  2.4624800E-03
  2.3895397E-03
  2.3189369E-03
  2.2504681E-03
  2.1833573E-03
  2.1186757E-03
  2.0552312E-03
  1.9938548E-03
  1.9346195E-03
  1.8764752E-03
  1.8206324E-03
  1.7659274E-03
  1.7131607E-03
  1.6621581E-03
  1.6123311E-03
  1.5644530E-03
  1.5176331E-03
  1.4724404E-03
  1.4288975E-03
  1.3862018E-03
  1.3451560E-03
  1.3049357E-03
  1.2660575E-03
  1.2284118E-03
  1.1916526E-03
  1.1563041E-03
  1.1218037E-03
  1.0885583E-03
  1.0565969E-03
  1.0254073E-03
  9.9556381E-04
  9.6648902E-04
  9.3855424E-04
  9.1159018E-04
  8.8533253E-04
  8.6001796E-04
  8.3530101E-04
  8.1136212E-04
  7.8822841E-04
  7.6563936E-04
  7.4392953E-04
  7.2279555E-04
  7.0246146E-04
  6.8285770E-04
  6.6381111E-04
  6.4548221E-04
  6.2763831E-04
  6.1038695E-04
  5.9373467E-04
  5.7749858E-04
  5.6187733E-04
  5.4668257E-04
  5.3204567E-04
  5.1794067E-04
  5.0425524E-04
  4.9110741E-04
  4.7833670E-04
  4.6601900E-04
  4.5414927E-04
  4.4259161E-04
  4.3146696E-04
  4.2064156E-04
  4.1019096E-04
  4.0009143E-04
  3.9028010E-04
  3.8082773E-04
  3.7164098E-04
  3.6277343E-04
  3.5422316E-04
  3.4590875E-04
  3.3791026E-04
  3.3013895E-04
  3.2264518E-04
  3.1541224E-04
  3.0839001E-04
  3.0163070E-04
  2.9506237E-04
  2.8872397E-04
  2.8261094E-04
  2.7666293E-04
  2.7093565E-04
  2.6536445E-04
  2.5998373E-04
  2.5478058E-04
  2.4971931E-04
  2.4483528E-04
  2.4007868E-04
  2.3548746E-04
  2.3105885E-04
  2.2674687E-04
  2.2259529E-04
  2.1855193E-04
  2.1464328E-04
  2.1085860E-04
  2.0716980E-04
  2.0360369E-04
  2.0012204E-04
  1.9674495E-04
  1.9346960E-04
  1.9026588E-04
  1.8716184E-04
  1.8412547E-04
  1.8117401E-04
  1.7830124E-04
  1.7548991E-04
  1.7275743E-04
  1.7007993E-04
  1.6747056E-04
  1.6492790E-04
  1.6243295E-04
  1.6000398E-04
  1.5762067E-04
  1.5529437E-04
  1.5302120E-04
  1.5079035E-04
  1.4861306E-04
  1.4647425E-04
  1.4438236E-04
  1.4233669E-04
  1.4032509E-04
  1.3835945E-04
  1.3642693E-04
  1.3453500E-04
  1.3268185E-04
  1.3086032E-04
  1.2907865E-04
  1.2732652E-04
  1.2561036E-04
  1.2392984E-04
  1.2227650E-04
  1.2065929E-04
  1.1906872E-04
  1.1751054E-04
  1.1598337E-04
  1.1448163E-04
  1.1301171E-04
  1.1156553E-04
  1.1014810E-04
  1.0875915E-04
  1.0739207E-04
  1.0605381E-04
  1.0473700E-04
  1.0344607E-04
  1.0217998E-04
  1.0093430E-04
  9.9714096E-05
  9.8512945E-05
  9.7334858E-05
  9.6179581E-05
  9.5041905E-05
  9.3927316E-05
  9.2829985E-05
  9.1753420E-05
  9.0696813E-05
  8.9656634E-05
  8.8636916E-05
  8.7632558E-05
  8.7143460E-05
