   2.402407    
   2.373322    
   2.342632    
   2.311639    
   2.280629    
   2.249488    
   2.218469    
   2.187602    
   2.156653    
   2.126019    
   2.095315    
   2.064862    
   2.034685    
   2.004466    
   1.974655    
   1.944831    
   1.915301    
   1.886075    
   1.856867    
   1.828084    
   1.799289    
   1.770830    
   1.742724    
   1.714601    
   1.686935    
   1.659292    
   1.631998    
   1.605026    
   1.578086    
   1.551607    
   1.525136    
   1.499013    
   1.473256    
   1.447491    
   1.422201    
   1.396934    
   1.372021    
   1.347441    
   1.322898    
   1.298809    
   1.274721    
   1.249852    
   1.224304    
   1.198820    
   1.173765    
   1.148330    
   1.122617    
   1.097483    
   1.072640    
   1.048265    
   1.024030    
   1.000000    
  0.9762607    
  0.9527990    
  0.9300125    
  0.9073424    
  0.8850021    
  0.8630794    
  0.8414261    
  0.8203881    
  0.7996714    
  0.7795424    
  0.7600262    
  0.7408378    
  0.7223281    
  0.7041658    
  0.6865845    
  0.6695460    
  0.6528544    
  0.6367632    
  0.6209792    
  0.6056952    
  0.5909128    
  0.5763833    
  0.5623740    
  0.5486156    
  0.5352814    
  0.5223417    
  0.5096518    
  0.4974039    
  0.4853795    
  0.4737282    
  0.4624515    
  0.4513614    
  0.4406601    
  0.4301425    
  0.4199394    
  0.4100211    
  0.4002818    
  0.3908574    
  0.3815907    
  0.3725878    
  0.3638521    
  0.3552509    
  0.3469326    
  0.3387506    
  0.3308020    
  0.3230653    
  0.3154638    
  0.3080939    
  0.3008430    
  0.2937852    
  0.2869243    
  0.2801658    
  0.2736177    
  0.2671779    
  0.2609181    
  0.2548276    
  0.2488484    
  0.2430588    
  0.2373709    
  0.2318473    
  0.2264906    
  0.2212265    
  0.2161419    
  0.2111512    
  0.2063114    
  0.2016097    
  0.1969989    
  0.1925373    
  0.1881556    
  0.1838991    
  0.1797684    
  0.1757060    
  0.1717754    
  0.1679133    
  0.1641610    
  0.1605101    
  0.1569266    
  0.1534547    
  0.1500436    
  0.1467282    
  0.1435095    
  0.1403453    
  0.1372846    
  0.1342802    
  0.1313643    
  0.1285325    
  0.1257559    
  0.1230710    
  0.1204351    
  0.1178751    
  0.1153906    
  0.1129465    
  0.1105803    
  0.1082541    
  0.1059920    
  0.1037918    
  0.1016317    
  9.9542260E-02
  9.7489834E-02
  9.5499501E-02
  9.3571216E-02
  9.1676183E-02
  8.9846581E-02
  8.8049233E-02
  8.6304776E-02
  8.4608555E-02
  8.2941957E-02
  8.1328034E-02
  7.9739578E-02
  7.8195915E-02
  7.6697104E-02
  7.5221099E-02
  7.3794045E-02
  7.2390355E-02
  7.1027197E-02
  6.9701962E-02
  6.8398356E-02
  6.7136660E-02
  6.5893032E-02
  6.4683683E-02
  6.3508205E-02
  6.2346980E-02
  6.1221287E-02
  6.0109105E-02
  5.9024032E-02
  5.7962760E-02
  5.6913409E-02
  5.5890534E-02
  5.4876935E-02
  5.3884380E-02
  5.2913025E-02
  5.1948875E-02
  5.1008146E-02
  5.0075028E-02
  4.9160227E-02
  4.8261937E-02
  4.7371108E-02
  4.6499506E-02
  4.5633763E-02
  4.4783242E-02
  4.3948360E-02
  4.3118089E-02
  4.2305637E-02
  4.1498512E-02
  4.0705558E-02
  3.9925657E-02
  3.9151687E-02
  3.8393825E-02
  3.7641130E-02
  3.6901906E-02
  3.6176778E-02
  3.5456523E-02
  3.4752890E-02
  3.4055300E-02
  3.3371788E-02
  3.2701973E-02
  3.2039020E-02
  3.1392582E-02
  3.0752171E-02
  3.0125093E-02
  2.9511634E-02
  2.8902967E-02
  2.8309407E-02
  2.7721506E-02
  2.7146269E-02
  2.6584260E-02
  2.6029093E-02
  2.5490750E-02
  2.4958935E-02
  2.4440931E-02
  2.3936534E-02
  2.3436161E-02
  2.2948628E-02
  2.2464298E-02
  2.1988675E-02
  2.1521177E-02
  2.1057628E-02
  2.0605387E-02
  2.0157367E-02
  1.9719746E-02
  1.9292856E-02
  1.8869849E-02
  1.8458294E-02
  1.8050399E-02
  1.7651038E-02
  1.7259106E-02
  1.6871076E-02
  1.6492717E-02
  1.6118260E-02
  1.5752662E-02
  1.5396342E-02
  1.5044061E-02
  1.4702376E-02
  1.4364972E-02
  1.4036197E-02
  1.3715307E-02
  1.3398810E-02
  1.3091434E-02
  1.2787904E-02
  1.2492012E-02
  1.2203968E-02
  1.1919299E-02
  1.1643318E-02
  1.1370927E-02
  1.1105659E-02
  1.0846919E-02
  1.0591886E-02
  1.0344419E-02
  1.0100232E-02
  9.8624965E-03
  9.6314009E-03
  9.4033070E-03
  9.1826562E-03
  8.9652864E-03
  8.7541733E-03
  8.5490188E-03
  8.3472356E-03
  8.1522409E-03
  7.9601472E-03
  7.7735493E-03
  7.5924932E-03
  7.4137524E-03
  7.2410186E-03
  7.0708557E-03
  6.9057471E-03
  6.7456933E-03
  6.5883561E-03
  6.4368341E-03
  6.2876032E-03
  6.1426871E-03
  6.0020001E-03
  5.8626407E-03
  5.7275281E-03
  5.5938358E-03
  5.4635028E-03
  5.3364360E-03
  5.2109482E-03
  5.0893091E-03
  4.9689743E-03
  4.8514600E-03
  4.7367839E-03
  4.6228194E-03
  4.5118262E-03
  4.4017169E-03
  4.2940276E-03
  4.1886643E-03
  4.0844237E-03
  3.9830622E-03
  3.8827076E-03
  3.7847254E-03
  3.6892258E-03
  3.5945713E-03
  3.5026935E-03
  3.4117033E-03
  3.3228814E-03
  3.2358931E-03
  3.1498917E-03
  3.0661537E-03
  2.9833475E-03
  2.9025662E-03
  2.8239687E-03
  2.7463797E-03
  2.6714012E-03
  2.5976470E-03
  2.5262216E-03
  2.4570080E-03
  2.3891116E-03
  2.3235974E-03
  2.2591783E-03
  2.1966416E-03
  2.1360382E-03
  2.0763122E-03
  2.0186750E-03
  1.9619807E-03
  1.9070384E-03
  1.8537120E-03
  1.8014027E-03
  1.7509543E-03
  1.7014385E-03
  1.6535029E-03
  1.6071845E-03
  1.5616528E-03
  1.5178102E-03
  1.4747601E-03
  1.4330925E-03
  1.3926541E-03
  1.3530334E-03
  1.3147662E-03
  1.2772367E-03
  1.2408693E-03
  1.2057089E-03
  1.1712284E-03
  1.1380657E-03
  1.1056140E-03
  1.0742955E-03
  1.0439451E-03
  1.0142777E-03
  9.8557805E-04
  9.5746288E-04
  9.3015417E-04
  9.0369442E-04
  8.7779009E-04
  8.5284398E-04
  8.2850538E-04
  8.0504798E-04
  7.8238198E-04
  7.6031109E-04
  7.3900103E-04
  7.1819976E-04
  6.9800537E-04
  6.7843072E-04
  6.5927033E-04
  6.4072176E-04
  6.2259327E-04
  6.0501450E-04
  5.8793108E-04
  5.7129347E-04
  5.5520219E-04
  5.3955714E-04
  5.2445306E-04
  5.0990772E-04
  4.9580785E-04
  4.8229235E-04
  4.6921644E-04
  4.5666951E-04
  4.4461421E-04
  4.3296645E-04
  4.2180633E-04
  4.1101393E-04
  4.0064869E-04
  3.9070359E-04
  3.8107729E-04
  3.7186360E-04
  3.6295314E-04
  3.5440410E-04
  3.4619690E-04
  3.3826369E-04
  3.3067199E-04
  3.2332528E-04
  3.1627167E-04
  3.0950108E-04
  3.0293321E-04
  2.9663424E-04
  2.9052130E-04
  2.8463374E-04
  2.7895209E-04
  2.7343389E-04
  2.6811619E-04
  2.6294225E-04
  2.5793992E-04
  2.5310458E-04
  2.4839150E-04
  2.4384132E-04
  2.3940635E-04
  2.3511150E-04
  2.3094732E-04
  2.2688741E-04
  2.2295762E-04
  2.1912144E-04
  2.1539851E-04
  2.1178623E-04
  2.0825534E-04
  2.0483349E-04
  2.0148908E-04
  1.9823923E-04
  1.9507817E-04
  1.9198796E-04
  1.8898695E-04
  1.8605003E-04
  1.8319134E-04
  1.8040925E-04
  1.7768367E-04
  1.7503422E-04
  1.7243893E-04
  1.6991007E-04
  1.6744394E-04
  1.6502783E-04
  1.6267518E-04
  1.6036807E-04
  1.5811695E-04
  1.5592076E-04
  1.5376518E-04
  1.5166456E-04
  1.4960313E-04
  1.4758989E-04
  1.4562238E-04
  1.4369133E-04
  1.4180680E-04
  1.3995566E-04
  1.3814576E-04
  1.3637640E-04
  1.3463710E-04
  1.3293857E-04
  1.3126920E-04
  1.2963575E-04
  1.2803654E-04
  1.2646458E-04
  1.2492762E-04
  1.2341577E-04
  1.2193505E-04
  1.2048501E-04
  1.1905772E-04
  1.1766143E-04
  1.1628733E-04
  1.1494062E-04
  1.1362012E-04
  1.1232047E-04
  1.1104771E-04
  1.0979422E-04
  1.0856476E-04
  1.0735897E-04
  1.0617080E-04
  1.0500665E-04
  1.0385973E-04
  1.0273411E-04
  1.0162891E-04
  1.0054000E-04
  9.9472119E-05
  9.8419332E-05
  9.7887292E-05
