(0)	-1  1979.96  1981.29 :  5.2044  10.0547
(0)	-1  1982.54  1983.38 :  5.22527  7.60714
(0)	-1  1984.79  1986.29 :  4.87785  7.46044
(0)	-1  1987.54  1988.46 :  6.15975  8.93539
(0)	-1  1990.04  1990.88 :  4.55838  8.04783
(0)	-1  1992.62  1993.38 :  4.97393  10.4545
(0)	-1  1994.71  1995.46 :  3.70648  7.36993
(0)	-1  1996.79  1997.54 :  5.29786  9.37674
(0)	-1  1998.79  2000.38 :  4.61244  6.78806
(0)	-1  2001.88  2002.38 :  3.67383  8.47754
(0)	-1  2004.04  2005.21 :  4.23822  7.23028
(0)	-1  2006.04  2007.29 :  4.17394  8.79471
(0)	-1  2008.04  2009.38 :  5.14901  9.11975
(0)	-1  2010.54  2010.88 :  6.86721  10.3227

