
lon__MRI_1 = 0.
dlon__MRI = 1.125

lat__MRI = (/-15.14011, -14.01862, -12.89713, -11.77564, -10.65415, -9.53266, -8.41117, -7.28968, -6.16819, -5.04670, -3.92521, -2.80372, -1.68223, -0.56074, 0.56074, 1.68223, 2.80372, 3.92521, 5.04670, 6.16819, 7.28968, 8.41117, 9.53266, 10.65415, 11.77564, 12.89713, 14.01862, 15.14011/)

lev__MRI = (/100.1207, 93.485, 87.1218, 81.0215, 75.1757, 69.5767, 64.2182, 59.0947, 54.2016, 49.5355, 45.0935, 40.8739, 36.8756, 33.0978, 29.5406, 26.2041, 23.0889, 20.195, 17.5224, 15.0705, 12.8377, 10.8214, 9.0176, 7.4206, 6.0231, 4.816, 3.7881, 2.9266, 2.217, 1.6438, 1.1906, 0.8406, 0.577, 0.3842/)

lev__ERA_I_nr = (/0.499803, 0.785599, 1.13959, 1.56403, 2.06498, 2.65364, 3.34817, 4.17657, 5.18153, 6.4198, 7.95398, 9.85477, 12.2098, 15.1277, 18.7429, 23.222, 28.7715, 35.6473, 44.1661, 54.4347, 66.415, 80.173, 95.7377, 113.158, 132.454, 153.624, 176.64/)

