  E-MF [mPa]    W-MF [mPa]      z [km]
   0.000000     -0.000000     -0.000000
   0.000000     -0.000000      0.020733
   0.000000     -0.000000      0.051411
   0.000000     -0.000000      0.095153
   0.000000     -0.000000      0.154593
   0.000000     -0.000000      0.231955
   0.000043     -0.000048      0.329119
   0.000266     -0.000465      0.447690
   0.003420     -0.005368      0.589050
   0.026258     -0.039824      0.754405
   0.083222     -0.130055      0.944823
   0.107831     -0.169608      1.161271
   0.179650     -0.259914      1.404641
   0.305201     -0.427555      1.675766
   0.486696     -0.623142      1.975447
   0.746052     -0.870671      2.304453
   0.904143     -1.013501      2.663541
   0.955904     -1.053309      3.053454
   0.982818     -1.077904      3.474926
   1.083221     -1.149423      3.928679
   1.548187     -1.551707      4.415430
   1.661557     -1.637033      4.935872
   1.644137     -1.638529      5.490695
   1.617667     -1.647866      6.080579
   1.588045     -1.660571      6.706222
   1.583689     -1.681783      7.368380
   1.590913     -1.703893      8.067965
   1.552251     -1.675842      8.806201
   1.531040     -1.647813      9.584912
   1.458938     -1.586691     10.407007
   1.364595     -1.525034     11.277281
   1.247721     -1.468645     12.200431
   1.160865     -1.421416     13.179681
   1.082862     -1.361887     14.218450
   0.983335     -1.268710     15.320370
   0.837230     -1.162038     16.489292
   0.638653     -1.077709     17.729305
   0.369196     -1.037897     19.044754
   0.237318     -1.019418     20.434862
   0.182065     -1.004075     21.895710
   0.158304     -0.963655     23.395710
   0.146798     -0.897618     24.895708
   0.137604     -0.832833     26.395710
   0.133533     -0.750898     27.895708
   0.133003     -0.621065     29.395708
   0.132866     -0.453577     30.895708
   0.132746     -0.260045     32.395710
   0.132610     -0.113564     33.895710
   0.132118     -0.055446     35.395710
   0.130180     -0.043466     36.895710
   0.123033     -0.043464     38.404297
   0.105373     -0.043464     39.949673
   0.077701     -0.043464     41.573093
   0.051060     -0.043464     43.322277
   0.037141     -0.043458     45.256840
   0.026863     -0.043375     47.456139
   0.023217     -0.042768     50.031494
   0.022252     -0.040218     53.146523
   0.020736     -0.033819     57.052105
   0.015543     -0.020401     64.556229

Drag [m/s/day]    z [km]
   0.000000      0.010366
   0.000000      0.036072
   0.000000      0.073282
   0.000000      0.124873
   0.000000      0.193274
   0.000004      0.280537
   0.000102      0.388404
   0.000790      0.518370
   0.004587      0.671727
   0.011699      0.849614
   0.004760      1.053047
   0.005412      1.282956
   0.011473      1.540204
   0.003620      1.825607
  -0.002895      2.139950
  -0.003594      2.483997
  -0.002735      2.858498
  -0.000520      3.264190
  -0.006407      3.701802
  -0.013862      4.172055
  -0.006233      4.675651
   0.004259      5.213284
   0.008228      5.785637
   0.010002      6.393401
   0.006259      7.037301
   0.003801      7.718172
   0.002845      8.437082
  -0.001932      9.195557
   0.003304      9.995959
   0.010483     10.842144
   0.020788     11.738856
   0.014708     12.690056
   0.007466     13.699065
   0.002819     14.769410
   0.019408     15.904831
   0.062958     17.109297
   0.143181     18.387030
   0.081170     19.739809
   0.033322     21.165287
  -0.016737     22.645710
  -0.067879     24.145708
  -0.085735     25.645708
  -0.148784     27.145708
  -0.306118     28.645708
  -0.490875     30.145708
  -0.702892     31.645708
  -0.658945     33.145710
  -0.321477     34.645710
  -0.069412     36.145710
   0.060878     37.650002
   0.182689     39.176987
   0.341712     40.761383
   0.388497     42.447681
   0.238670     44.289558
   0.206672     46.356487
   0.074004     48.743816
  -0.047919     51.589012
  -0.194321     55.099316
  -0.384933     60.804169
