  E-MF [mPa]    W-MF [mPa]      z [km]
   0.000000     -0.000000     -0.000000
   0.000000     -0.000000      0.020733
   0.000000     -0.000000      0.051411
   0.000000     -0.000000      0.095153
   0.000000     -0.000000      0.154593
   0.000000     -0.000000      0.231955
   0.000141     -0.000179      0.329119
   0.000198     -0.000255      0.447690
   0.006938     -0.007780      0.589050
   0.046486     -0.043921      0.754405
   0.099219     -0.093722      0.944823
   0.115589     -0.107483      1.161271
   0.152931     -0.127977      1.404641
   0.229932     -0.189494      1.675766
   0.336297     -0.280852      1.975447
   0.461923     -0.398260      2.304453
   0.509531     -0.451207      2.663541
   0.522384     -0.466949      3.053454
   0.537663     -0.494643      3.474926
   0.610473     -0.557247      3.928679
   0.810141     -0.761672      4.415430
   0.842488     -0.779186      4.935872
   0.836875     -0.768928      5.490695
   0.815275     -0.747873      6.080579
   0.784343     -0.724062      6.706222
   0.762313     -0.712092      7.368380
   0.737123     -0.704517      8.067965
   0.702938     -0.690416      8.806201
   0.683133     -0.653673      9.584912
   0.655579     -0.599566     10.407007
   0.618361     -0.560964     11.277281
   0.568884     -0.542026     12.200431
   0.526604     -0.526447     13.179681
   0.495393     -0.500413     14.218450
   0.454934     -0.464095     15.320370
   0.412533     -0.430543     16.489292
   0.362098     -0.383380     17.729305
   0.341780     -0.342084     19.044754
   0.340426     -0.230080     20.434862
   0.339718     -0.080235     21.895710
   0.339475     -0.033950     23.395710
   0.337936     -0.019981     24.895708
   0.327004     -0.017494     26.395710
   0.289526     -0.017489     27.895708
   0.206924     -0.017489     29.395708
   0.113938     -0.017489     30.895708
   0.066196     -0.017489     32.395710
   0.049655     -0.017489     33.895710
   0.047231     -0.017489     35.395710
   0.047008     -0.017478     36.895710
   0.046651     -0.017362     38.404297
   0.045976     -0.017163     39.949673
   0.044211     -0.017096     41.573093
   0.038991     -0.017039     43.322277
   0.028739     -0.016937     45.256840
   0.025465     -0.016530     47.456139
   0.024460     -0.015505     50.031494
   0.022547     -0.013799     53.146523
   0.017558     -0.012594     57.052105
   0.010691     -0.009750     64.556229

Drag [m/s/day]    z [km]
   0.000000      0.010366
   0.000000      0.036072
   0.000000      0.073282
   0.000000      0.124873
   0.000000      0.193274
   0.000024      0.280537
   0.000010      0.388404
   0.000355      0.518370
  -0.001345      0.671727
  -0.001031      0.849614
  -0.000831      1.053047
  -0.004932      1.282956
  -0.004221      1.540204
  -0.003855      1.825607
  -0.002011      2.139950
   0.001258      2.483997
   0.000661      2.858498
   0.002785      3.264190
  -0.002264      3.701802
   0.001052      4.172055
  -0.003297      4.675651
  -0.001046      5.213284
   0.000125      5.785637
   0.001683      6.393401
   0.002462      7.037301
   0.004498      7.718172
   0.005386      8.437082
  -0.004799      9.195557
  -0.007989      9.995959
  -0.000444     10.842144
   0.010496     11.738856
   0.009910     12.690056
   0.002092     13.699065
   0.001839     14.769410
   0.004355     15.904831
   0.001803     17.109297
  -0.013079     18.387030
  -0.079201     19.739809
  -0.124523     21.165287
  -0.046257     22.645710
  -0.015473     24.145708
   0.013025     25.645708
   0.071602     27.145708
   0.195556     28.645708
   0.272749     30.145708
   0.173501     31.645708
   0.074480     33.145710
   0.013522     34.645710
   0.001466     36.145710
   0.002055     37.650002
   0.004917     39.176987
   0.020978     40.761383
   0.075278     42.447681
   0.174116     44.289558
   0.058126     46.356487
  -0.000478     48.743816
   0.006269     51.589012
   0.150568     55.099316
   0.188344     60.804169
