  E-MF [mPa]    W-MF [mPa]      z [km]
   0.000000     -0.000000     -0.000000
   0.000000     -0.000000      0.020733
   0.000000     -0.000000      0.051411
   0.000000     -0.000000      0.095153
   0.000000     -0.000000      0.154593
   0.000000     -0.000000      0.231955
   0.003206     -0.004212      0.329119
   0.004605     -0.005192      0.447690
   0.109352     -0.106256      0.589050
   0.812002     -0.675171      0.754405
   1.924304     -1.637878      0.944823
   2.374792     -2.143210      1.161271
   3.262601     -2.699530      1.404641
   5.218152     -4.537140      1.675766
   7.776129     -7.074656      1.975447
  10.505537    -10.339070      2.304453
  11.614377    -12.097776      2.663541
  11.919304    -12.682907      3.053454
  12.325620    -13.389776      3.474926
  14.124217    -14.992185      3.928679
  18.782625    -20.374903      4.415430
  19.974995    -21.377604      4.935872
  19.998119    -21.048487      5.490695
  19.721060    -20.503582      6.080579
  19.470493    -20.160194      6.706222
  19.825338    -20.559011      7.368380
  19.492023    -20.703835      8.067965
  18.972834    -20.602083      8.806201
  18.462362    -19.982767      9.584912
  17.565540    -18.754719     10.407007
  16.387510    -17.641489     11.277281
  14.906990    -16.680643     12.200431
  13.648011    -15.706854     13.179681
  12.612204    -14.392947     14.218450
  11.240721    -12.673042     15.320370
   9.525954    -10.476143     16.489292
   7.796560     -8.653143     17.729305
   7.129899     -7.445484     19.044754
   7.019288     -5.259837     20.434862
   6.946767     -3.031378     21.895710
   6.858613     -1.848677     23.395710
   6.600761     -1.280291     24.895708
   5.933214     -1.136957     26.395710
   4.625010     -1.132124     27.895708
   2.997398     -1.131542     29.395708
   1.853596     -1.130121     30.895708
   1.300251     -1.125730     32.395710
   1.055867     -1.107142     33.895710
   0.951926     -1.056214     35.395710
   0.910298     -0.950747     36.895710
   0.874194     -0.800110     38.404297
   0.808133     -0.675136     39.949673
   0.680039     -0.603835     41.573093
   0.514947     -0.548094     43.322277
   0.353540     -0.496652     45.256840
   0.277207     -0.409473     47.456139
   0.244351     -0.287889     50.031494
   0.204633     -0.180317     53.146523
   0.134635     -0.126078     57.052105
   0.055573     -0.060511     64.556229

Drag [m/s/day]    z [km]
   0.000000      0.010366
   0.000000      0.036072
   0.000000      0.073282
   0.000000      0.124873
   0.000000      0.193274
   0.000639      0.280537
  -0.000222      0.388404
  -0.001664      0.518370
  -0.052800      0.671727
  -0.052608      0.849614
   0.017468      1.053047
  -0.097036      1.282956
  -0.032150      1.540204
  -0.005256      1.825607
   0.130935      2.139950
   0.153061      2.483997
   0.064120      2.858498
   0.067421      3.264190
  -0.043520      3.701802
   0.160174      4.172055
  -0.042156      4.675651
  -0.079296      5.213284
  -0.061546      5.785637
  -0.021932      6.393401
   0.010764      7.037301
   0.122094      7.718172
   0.111937      8.437082
  -0.030836      9.195557
  -0.099658      9.995959
   0.020788     10.842144
   0.178603     11.738856
   0.105845     12.690056
  -0.112386     13.699065
  -0.154673     14.769410
  -0.237291     15.904831
  -0.051588     17.109297
  -0.337301     18.387030
  -1.485275     19.739809
  -1.800125     21.165287
  -1.099666     22.645710
  -0.386548     24.145708
   0.808466     25.645708
   2.490494     27.145708
   3.851914     28.645708
   3.350840     30.145708
   1.994994     31.645708
   1.016690     33.145710
   0.295739     34.645710
  -0.441245     36.145710
  -0.975832     37.650002
  -0.609440     39.176987
   0.701313     40.761383
   1.594655     42.447681
   1.886325     44.289558
  -0.219877     46.356487
  -2.160336     48.743816
  -2.050838     51.589012
   0.627250     55.099316
   0.631594     60.804169
