; HadGEM2-AC Standard settings 2005-11-01
;
; EqZm EW accel = [0.00000,0.00000,0.00000,0.00000,0.00000,0.00000,0.00000,0.00000,0.00000,0.00000,0.00000,0.00000,0.00000,0.00000,0.00000,0.00000,0.00000,0.00000,0.00000,0.00000,-0.000487955,-0.00170132,-0.00267305,-0.000198607,0.00186412,0.000207998,0.00558002,0.00431283,0.00215273,0.00139933,0.0103463,0.0115210,0.00607202,0.00281996,0.00358049,-0.00161336,0.0120594,-0.0134287,-0.136615,-0.234510,-0.0829754,-0.0248937,-0.00299890,0.00000,0.0899551,0.541729,0.479869,0.111719,0.00775323,0.000277531,0.000303246,0.00000,0.00000,0.0553127,0.222487,0.0723951,0.00000,0.00000,0.00000,1.98539]
; EqZm Eastward flux = [0.00000,0.00000,0.00000,0.00000,0.00000,0.00000,0.00000,0.00000,0.00000,0.00000,0.00000,0.00000,0.00000,0.00000,0.00000,0.00000,0.00000,0.00000,0.00000,0.905045,0.902860,0.899363,0.888821,0.860841,0.823427,0.788641,0.744590,0.706263,0.675770,0.650819,0.605531,0.566102,0.546561,0.529025,0.511946,0.496316,0.471401,0.464613,0.464613,0.464613,0.464613,0.464613,0.464613,0.464613,0.426544,0.241502,0.109206,0.0843469,0.0829544,0.0829142,0.0828785,0.0828785,0.0828785,0.0790756,0.0660643,0.0624785,0.0624785,0.0624785,0.0624785,0.00000]
; EqZm Westward flux = [0.00000,0.00000,0.00000,0.00000,0.00000,0.00000,0.00000,0.00000,0.00000,0.00000,0.00000,0.00000,0.00000,0.00000,0.00000,0.00000,0.00000,0.00000,0.00000,0.905045,0.900652,0.889499,0.867081,0.838236,0.808713,0.774778,0.752588,0.730351,0.707461,0.687163,0.674154,0.668271,0.665103,0.654551,0.645547,0.626634,0.623632,0.595274,0.404100,0.122727,0.0399802,0.0199434,0.0179952,0.0179952,0.0179952,0.0179952,0.0179952,0.0179952,0.0179952,0.0179952,0.0179952,0.0179952,0.0179952,0.0179952,0.0179952,0.0179952,0.0179952,0.0179952,0.0179952,0.00000]
;
; HadGEM2-AC Standard settings 1993-05-01
;
; EqZm EW accel = [0.00000,0.00000,0.00000,0.00000,0.00000,0.00000,0.00000,0.00000,0.00000,0.00000,0.00000,0.00000,0.00000,0.00000,0.00000,0.00000,0.00000,0.00000,0.00000,0.00000,0.000207266,0.000543783,0.000667044,0.000413981,0.00130477,0.00177080,0.00167839,0.00128961,0.000376944,0.00280347,0.00968155,0.0102026,0.00318067,-0.00106116,-0.00208455,0.00570208,0.0309543,0.137089,0.0758634,0.0537788,0.0169438,0.00877838,0.00191701,8.94342e-06,0.00000,-0.0237664,-0.632038,-1.59898,-0.525220,-0.0876550,0.00000,0.00000,0.00000,0.355800,0.505813,0.295940,0.0655627,0.00000,0.00000,-0.636616]
; EqZm Eastward flux = [0.00000,0.00000,0.00000,0.00000,0.00000,0.00000,0.00000,0.00000,0.00000,0.00000,0.00000,0.00000,0.00000,0.00000,0.00000,0.00000,0.00000,0.00000,0.00000,0.904942,0.902932,0.897105,0.888901,0.881361,0.871307,0.860317,0.847378,0.831589,0.813174,0.784803,0.735895,0.685820,0.656136,0.636637,0.612420,0.571863,0.514540,0.294343,0.188182,0.123657,0.106759,0.0996936,0.0984482,0.0984436,0.0984436,0.0984436,0.0984436,0.0984436,0.0984436,0.0984436,0.0984436,0.0984436,0.0984436,0.0739814,0.0444009,0.0297424,0.0270344,0.0270344,0.0270344,0.00000]
; EqZm Westward flux = [0.00000,0.00000,0.00000,0.00000,0.00000,0.00000,0.00000,0.00000,0.00000,0.00000,0.00000,0.00000,0.00000,0.00000,0.00000,0.00000,0.00000,0.00000,0.00000,0.904942,0.903868,0.900490,0.895249,0.889510,0.884981,0.881227,0.874864,0.863886,0.846803,0.827755,0.809052,0.788684,0.767577,0.745450,0.716533,0.687575,0.686497,0.686497,0.686497,0.686497,0.686497,0.686497,0.686497,0.686497,0.686497,0.678379,0.504131,0.148332,0.0540041,0.0412980,0.0412980,0.0412980,0.0412980,0.0412980,0.0412980,0.0412980,0.0412980,0.0412980,0.0412980,0.00000]
;

