(0)	-1  1979.96  1981.29 :  2.70505  5.12712
(0)	-1  1982.54  1983.38 :  2.83612  3.41622
(0)	-1  1984.79  1986.29 :  4.28228  6.33774
(0)	-1  1987.54  1988.46 :  3.06808  4.20549
(0)	-1  1990.04  1990.88 :  3.27546  4.00122
(0)	-1  1992.62  1993.38 :  3.5546  4.1035
(0)	-1  1994.71  1995.46 :  4.75899  5.20271
(0)	-1  1996.79  1997.54 :  3.82449  5.09913
(0)	-1  1998.79  2000.38 :  4.23716  5.20067
(0)	-1  2001.88  2002.38 :  4.58498  4.78729
(0)	-1  2004.04  2005.21 :  5.35413  6.53004
(0)	-1  2006.04  2007.29 :  4.20336  5.55416
(0)	-1  2008.04  2009.38 :  3.83933  4.78852
(0)	-1  2010.54  2010.88 :  4.74343  6.79359

