(0,0)	0.9974883
(0,1)	1.001555
(0,2)	1.013227
(0,3)	1.029755
(0,4)	1.048289
(0,5)	1.068025
(0,6)	1.088711
(0,7)	1.11004
(0,8)	1.133775
(0,9)	1.155412
(0,10)	1.167854
(0,11)	1.185245
(0,12)	1.194296
(0,13)	1.196391
(0,14)	1.205042
(0,15)	1.21215
(0,16)	1.219675
(0,17)	1.233576
(0,18)	1.248711
(0,19)	1.263178
(0,20)	1.276816
(0,21)	1.291681
(0,22)	1.312613
(0,23)	1.341892
(0,24)	1.378058
(0,25)	1.416373
(0,26)	1.446025
(0,27)	1.422096
(0,28)	1.307832
(0,29)	1.224752
(0,30)	1.199587
(0,31)	1.186926
(0,32)	1.165378
(0,33)	1.14391
(0,34)	1.100281
(0,35)	1.013387
(1,0)	0.9989999
(1,1)	1.002813
(1,2)	1.013628
(1,3)	1.029208
(1,4)	1.047
(1,5)	1.066764
(1,6)	1.088127
(1,7)	1.110949
(1,8)	1.13514
(1,9)	1.159188
(1,10)	1.183829
(1,11)	1.209253
(1,12)	1.233094
(1,13)	1.25853
(1,14)	1.284109
(1,15)	1.306862
(1,16)	1.3299
(1,17)	1.348951
(1,18)	1.372877
(1,19)	1.402422
(1,20)	1.43572
(1,21)	1.478654
(1,22)	1.522741
(1,23)	1.561307
(1,24)	1.586619
(1,25)	1.609406
(1,26)	1.61968
(1,27)	1.579256
(1,28)	1.533665
(1,29)	1.532394
(1,30)	1.514373
(1,31)	1.454102
(1,32)	1.354839
(1,33)	1.239023
(1,34)	1.13811
(1,35)	1.042614
